2.827307538E+00  4.100081027E-01
2.846293732E+00  3.305073678E-01
2.865279926E+00  7.030996680E-01
2.884266119E+00  1.033578992E+00
2.903252313E+00  1.147713065E+00
2.922238506E+00  1.262503862E+00
2.941224700E+00  9.101836681E-01
2.960210894E+00  6.227281094E-01
2.979197087E+00  1.113390088E+00
2.998183281E+00  1.382966757E+00
3.017169474E+00  2.066916943E+00
3.036155668E+00  1.704336762E+00
3.055141862E+00  1.159525990E+00
3.074128055E+00  7.499625683E-01
3.093114249E+00  1.030600190E+00
3.112100442E+00  1.521065474E+00
3.131086636E+00  1.944553256E+00
3.150072830E+00  1.758387089E+00
3.169059023E+00  1.326983929E+00
3.188045217E+00  1.291411877E+00
3.207031410E+00  1.593423724E+00
3.226017604E+00  1.630024672E+00
3.245003798E+00  2.080493689E+00
3.263989991E+00  2.320029497E+00
3.282976185E+00  2.929731131E+00
3.301962378E+00  2.884463072E+00
3.320948572E+00  3.181058884E+00
3.339934766E+00  3.417206287E+00
3.358920959E+00  3.925277710E+00
3.377907153E+00  4.398084641E+00
3.396893346E+00  6.151938438E+00
3.415879540E+00  8.216941833E+00
3.434865734E+00  1.164499187E+01
3.453851927E+00  1.652432632E+01
3.472838121E+00  2.439632607E+01
3.491824314E+00  3.215367508E+01
3.510810508E+00  3.773048019E+01
3.529796702E+00  3.763251877E+01
3.548782895E+00  3.116960716E+01
3.567769089E+00  2.227107430E+01
3.586755282E+00  1.470264053E+01
3.605741476E+00  9.539878845E+00
3.624727670E+00  6.317582607E+00
3.643713863E+00  4.263299465E+00
3.662700057E+00  3.376334190E+00
3.681686250E+00  3.274417162E+00
3.700672444E+00  2.734233618E+00
3.719658638E+00  2.217312098E+00
3.738644831E+00  1.493176222E+00
3.757631025E+00  1.096828103E+00
3.776617218E+00  1.385545492E+00
3.795603412E+00  1.746265411E+00
3.814589606E+00  1.875670910E+00
3.833575799E+00  1.144320846E+00
3.852561993E+00  4.194082022E-01
3.871548186E+00  4.134512544E-01
3.890534380E+00  1.566665918E-01
3.909520574E+00  -6.199397147E-02
3.928506767E+00  5.914065987E-02
3.947492961E+00  8.476336002E-01
3.966479154E+00  1.539635897E+00
3.985465348E+00  1.471053600E+00
4.004451542E+00  1.276831269E+00
4.023437735E+00  4.687872827E-01
4.042423929E+00  6.958278269E-02
4.061410122E+00  6.246685237E-02
4.080396316E+00  8.174111843E-01
4.099382510E+00  1.241955996E+00
4.118368703E+00  1.085614920E+00
4.137354897E+00  7.108588219E-01
4.156341091E+00  9.714545608E-01
4.175327284E+00  1.166514993E+00
4.194313478E+00  9.114145041E-01
4.213299671E+00  6.201062799E-01
4.232285865E+00  -1.514942199E-01
4.251272059E+00  9.162356704E-02
4.270258252E+00  2.696767449E-01
4.289244446E+00  9.814124107E-01
4.308230639E+00  1.161712885E+00
4.327216833E+00  1.362553954E+00
4.346203027E+00  8.214704990E-01
4.365189220E+00  8.595831394E-01
4.384175414E+00  7.279914021E-01
4.403161607E+00  7.581243515E-01
4.422147801E+00  8.849414587E-01
4.441133995E+00  9.951491356E-01
4.460120188E+00  1.187909722E+00
4.479106382E+00  8.290101886E-01
4.498092575E+00  7.399054766E-01
4.517078769E+00  3.054953516E-01
4.536064963E+00  5.515423790E-02
4.555051156E+00  -1.305660307E-01
4.574037350E+00  9.649655968E-02
4.593023543E+00  3.485097885E-01
4.612009737E+00  8.796321154E-01
4.630995931E+00  8.649528623E-01
4.649982124E+00  8.760415316E-01
4.668968318E+00  2.920745015E-01
4.687954511E+00  5.009842515E-01
4.706940705E+00  4.778360426E-01
4.725926899E+00  7.480602860E-01
4.744913092E+00  7.236239910E-01
4.763899286E+00  4.574901164E-01
4.782885479E+00  4.383585453E-01
4.801871673E+00  5.266566277E-01
4.820857867E+00  3.033854663E-01
4.839844060E+00  2.867318690E-01
4.858830254E+00  2.156809717E-01
4.877816447E+00  1.135653108E-01
4.896802641E+00  5.927019119E-01
4.915788835E+00  1.040315270E+00
4.934775028E+00  1.123383522E+00
4.953761222E+00  9.542362094E-01
4.972747415E+00  4.006056786E-01
4.991733609E+00  7.218667865E-01
5.010719803E+00  6.465600133E-01
5.029705996E+00  4.517617822E-01
5.048692190E+00  2.710925341E-01
5.067678383E+00  1.275181174E-01
5.086664577E+00  1.387440413E-01
5.105650771E+00  5.004119277E-01
5.124636964E+00  1.742528826E-01
5.143623158E+00  2.919251025E-01
5.162609351E+00  2.526690662E-01
5.181595545E+00  2.025102079E-01
5.200581739E+00  1.351815164E-01
5.219567932E+00  5.087943673E-01
5.238554126E+00  7.622752786E-01
5.257540319E+00  1.304382920E+00
5.276526513E+00  1.798258901E+00
5.295512707E+00  1.791254044E+00
5.314498900E+00  1.960112691E+00
5.333485094E+00  1.640259624E+00
5.352471287E+00  1.465637803E+00
5.371457481E+00  1.290010333E+00
5.390443675E+00  2.563171089E-01
5.409429868E+00  -2.754468322E-01
5.428416062E+00  -4.234313667E-01
5.447402255E+00  3.978064656E-01
5.466388449E+00  8.047305942E-01
5.485374643E+00  8.904175758E-01
5.504360836E+00  4.433258176E-01
5.523347030E+00  2.796045244E-01
5.542333223E+00  7.688073516E-01
5.561319417E+00  1.361420870E+00
5.580305611E+00  1.160017133E+00
5.599291804E+00  1.232974529E+00
5.618277998E+00  1.628515124E+00
5.637264192E+00  1.981652021E+00
5.656250385E+00  2.305889368E+00
5.675236579E+00  1.895837665E+00
5.694222772E+00  1.289674044E+00
5.713208966E+00  1.765506148E+00
5.732195160E+00  1.706724048E+00
5.751181353E+00  1.438238025E+00
5.770167547E+00  1.228060007E+00
5.789153740E+00  8.672850728E-01
5.808139934E+00  9.291946292E-01
5.827126128E+00  1.323542118E+00
5.846112321E+00  1.065193415E+00
5.865098515E+00  7.729463577E-01
5.884084708E+00  2.501840293E-01
5.903070902E+00  -8.927294612E-02
5.922057096E+00  -8.162898570E-02
5.941043289E+00  -3.850507364E-02
5.960029483E+00  5.601868033E-01
5.979015676E+00  6.324945092E-01
5.998001870E+00  9.363793135E-01
6.016988064E+00  3.187680840E-01
6.035974257E+00  5.558391213E-01
6.054960451E+00  2.932071984E-01
6.073946644E+00  5.227158070E-01
6.092932838E+00  4.387614727E-01
6.111919032E+00  7.396154851E-02
6.130905225E+00  -8.310651779E-02
6.149891419E+00  4.321667925E-02
6.168877612E+00  8.210664988E-02
6.187863806E+00  6.325919181E-02
6.206850000E+00  -1.882002130E-02
6.225836193E+00  -3.716502786E-01
6.244822387E+00  -2.072000802E-01
6.263808580E+00  -1.935575753E-01
6.282794774E+00  -1.081539243E-01
6.301780968E+00  6.268870831E-01
6.320767161E+00  1.085776091E+00
6.339753355E+00  1.698559880E+00
6.358739548E+00  1.635541320E+00
6.377725742E+00  1.911607504E+00
6.396711936E+00  2.750385523E+00
6.415698129E+00  3.214296341E+00
6.434684323E+00  3.664289951E+00
6.453670516E+00  3.863059282E+00
6.472656710E+00  3.740299702E+00
6.491642904E+00  3.775738478E+00
6.510629097E+00  3.756320953E+00
6.529615291E+00  3.891644478E+00
6.548601484E+00  3.993721247E+00
6.567587678E+00  3.863070965E+00
6.586573872E+00  4.186882019E+00
6.605560065E+00  4.861625671E+00
6.624546259E+00  5.673274994E+00
6.643532452E+00  7.104781151E+00
6.662518646E+00  8.946344376E+00
6.681504840E+00  1.279774570E+01
6.700491033E+00  1.727566338E+01
6.719477227E+00  2.270351601E+01
6.738463420E+00  2.693402863E+01
6.757449614E+00  3.090507507E+01
6.776435808E+00  3.327143478E+01
6.795422001E+00  3.483396149E+01
6.814408195E+00  3.465249634E+01
6.833394388E+00  3.424459457E+01
6.852380582E+00  3.441703415E+01
6.871366776E+00  3.619890213E+01
6.890352969E+00  4.112094498E+01
6.909339163E+00  4.908140945E+01
6.928325356E+00  6.259275436E+01
6.947311550E+00  8.268140411E+01
6.966297744E+00  1.100009079E+02
6.985283937E+00  1.440467834E+02
7.004270131E+00  1.827176361E+02
7.023256325E+00  2.163785553E+02
7.042242518E+00  2.338953857E+02
7.061228712E+00  2.307129364E+02
7.080214905E+00  2.080614624E+02
7.099201099E+00  1.736651001E+02
7.118187293E+00  1.371548462E+02
7.137173486E+00  1.023365860E+02
7.156159680E+00  7.594777679E+01
7.175145873E+00  5.577885437E+01
7.194132067E+00  4.042436981E+01
7.213118261E+00  3.044289970E+01
7.232104454E+00  2.290468025E+01
7.251090648E+00  1.762492943E+01
7.270076841E+00  1.407928562E+01
7.289063035E+00  1.157642651E+01
7.308049229E+00  9.145917892E+00
7.327035422E+00  7.640362740E+00
7.346021616E+00  6.915464401E+00
7.365007809E+00  5.815350056E+00
7.383994003E+00  4.877975464E+00
7.402980197E+00  3.754794598E+00
7.421966390E+00  3.751566410E+00
7.440952584E+00  3.349524736E+00
7.459938777E+00  3.277418375E+00
7.478924971E+00  2.753079653E+00
7.497911165E+00  2.827466726E+00
7.516897358E+00  2.391336679E+00
7.535883552E+00  1.855682731E+00
7.554869745E+00  1.438297987E+00
7.573855939E+00  1.259068012E+00
7.592842133E+00  8.955596685E-01
7.611828326E+00  3.076444566E-01
7.630814520E+00  2.394505963E-02
7.649800713E+00  -5.698689818E-02
7.668786907E+00  2.487638593E-01
7.687773101E+00  5.988595486E-01
7.706759294E+00  9.182096124E-01
7.725745488E+00  8.612941504E-01
7.744731681E+00  6.793018579E-01
7.763717875E+00  8.848296404E-01
7.782704069E+00  8.842020035E-01
7.801690262E+00  8.876228333E-01
7.820676456E+00  9.462026358E-01
7.839662649E+00  8.726227880E-01
7.858648843E+00  8.532205820E-01
7.877635037E+00  6.604461670E-01
7.896621230E+00  4.151552022E-01
7.915607424E+00  3.728113174E-01
7.934593617E+00  -7.249201834E-02
7.953579811E+00  -2.125313580E-01
7.972566005E+00  -8.578097820E-02
7.991552198E+00  3.228127360E-01
8.010538392E+00  3.857194781E-01
8.029524585E+00  1.430001259E-01
8.048510779E+00  -1.703396887E-01
8.067496973E+00  2.313890755E-01
8.086483166E+00  4.207604825E-01
8.105469360E+00  2.067993879E-01
8.124455553E+00  6.663402170E-02
8.143441747E+00  -2.723631449E-02
8.162427941E+00  -2.484838963E-01
8.181414134E+00  -1.025619730E-01
8.200400328E+00  -1.564571559E-01
8.219386521E+00  4.077820852E-02
8.238372715E+00  8.090568334E-02
8.257358909E+00  -8.242868632E-02
8.276345102E+00  -1.216531619E-01
8.295331296E+00  2.079614811E-02
8.314317489E+00  5.819416046E-01
8.333303683E+00  5.183222294E-01
8.352289877E+00  4.934710264E-01
8.371276070E+00  3.683047602E-03
8.390262264E+00  2.033986337E-02
8.409248457E+00  -1.424693465E-01
8.428234651E+00  4.286201596E-01
8.447220845E+00  8.314762712E-01
8.466207038E+00  1.213635445E+00
8.485193232E+00  1.243257999E+00
8.504179426E+00  1.227132082E+00
8.523165619E+00  1.429422736E+00
8.542151813E+00  1.313929081E+00
8.561138006E+00  1.186868310E+00
8.580124200E+00  9.425209165E-01
8.599110394E+00  1.095647812E+00
8.618096587E+00  1.008137107E+00
8.637082781E+00  7.942857742E-01
8.656068974E+00  3.695277870E-01
8.675055168E+00  1.245594844E-01
8.694041362E+00  8.353967220E-03
8.713027555E+00  2.818236127E-02
8.732013749E+00  1.336373538E-01
8.750999942E+00  3.093200028E-01
8.769986136E+00  7.203640789E-02
8.788972330E+00  -4.566286504E-02
8.807958523E+00  -4.524654150E-01
8.826944717E+00  -3.778267503E-01
8.845930910E+00  -2.173057646E-01
8.864917104E+00  -9.671214968E-02
8.883903298E+00  -4.084225893E-01
8.902889491E+00  -7.513079643E-01
8.921875685E+00  -5.674842596E-01
8.940861878E+00  -1.337555498E-01
8.959848072E+00  2.900066972E-01
8.978834266E+00  7.289405465E-01
8.997820459E+00  1.430597425E+00
9.016806653E+00  2.594306231E+00
9.035792846E+00  3.954800367E+00
9.054779040E+00  4.794250488E+00
9.073765234E+00  5.895731926E+00
9.092751427E+00  8.233707428E+00
9.111737621E+00  1.238907433E+01
9.130723814E+00  1.811447525E+01
9.149710008E+00  2.518109512E+01
9.168696202E+00  3.460865402E+01
9.187682395E+00  4.689401627E+01
9.206668589E+00  6.154942322E+01
9.225654782E+00  7.746813202E+01
9.244640976E+00  9.621979523E+01
9.263627170E+00  1.204894485E+02
9.282613363E+00  1.482880249E+02
9.301599557E+00  1.810947113E+02
9.320585750E+00  2.153237152E+02
9.339571944E+00  2.492888184E+02
9.358558138E+00  2.768398132E+02
9.377544331E+00  3.061627502E+02
9.396530525E+00  3.305132141E+02
9.415516718E+00  3.524829407E+02
9.434502912E+00  3.790129089E+02
9.453489106E+00  4.201562195E+02
9.472475299E+00  4.974108582E+02
9.491461493E+00  5.915533447E+02
9.510447686E+00  7.126134644E+02
9.529433880E+00  8.298966675E+02
9.548420074E+00  9.339338379E+02
9.567406267E+00  1.015719299E+03
9.586392461E+00  1.062571655E+03
9.605378654E+00  1.073250854E+03
9.624364848E+00  1.070182373E+03
9.643351042E+00  1.049655518E+03
9.662337235E+00  1.023306519E+03
9.681323429E+00  9.478421631E+02
9.700309622E+00  8.589194336E+02
9.719295816E+00  7.470284424E+02
9.738282010E+00  6.401865234E+02
9.757268203E+00  5.394897461E+02
9.776254397E+00  4.460096130E+02
9.795240590E+00  3.647113647E+02
9.814226784E+00  2.953745117E+02
9.833212978E+00  2.393915253E+02
9.852199171E+00  1.928879547E+02
9.871185365E+00  1.537722778E+02
9.890171559E+00  1.214740143E+02
9.909157752E+00  9.652709198E+01
9.928143946E+00  7.705862427E+01
9.947130139E+00  6.167223358E+01
9.966116333E+00  4.891609192E+01
9.985102527E+00  3.832106018E+01
1.000408872E+01  3.046911430E+01
1.002307491E+01  2.329393005E+01
1.004206111E+01  1.704591560E+01
1.006104730E+01  1.236228180E+01
1.008003349E+01  8.936738014E+00
1.009901969E+01  7.419879436E+00
1.011800588E+01  5.581793308E+00
1.013699208E+01  4.156061172E+00
1.015597827E+01  2.847319126E+00
1.017496446E+01  1.779814005E+00
1.019395066E+01  1.439622998E+00
1.021293685E+01  1.190300226E+00
1.023192304E+01  8.005617261E-01
1.025090924E+01  -7.721044123E-02
1.026989543E+01  -1.293103218E+00
1.028888162E+01  -1.706749916E+00
1.030786782E+01  -1.603755832E+00
1.032685401E+01  -1.379550099E+00
1.034584020E+01  -1.191348076E+00
1.036482640E+01  -1.529332995E+00
1.038381259E+01  -2.026686192E+00
1.040279879E+01  -2.279092550E+00
1.042178498E+01  -2.144425154E+00
1.044077117E+01  -9.242077470E-01
1.045975737E+01  4.267271459E-01
1.047874356E+01  1.121688843E+00
1.049772975E+01  2.613321304E+00
1.051671595E+01  4.964934826E+00
1.053570214E+01  7.676961422E+00
1.055468833E+01  1.006093884E+01
1.057367453E+01  1.186656761E+01
1.059266072E+01  1.354121685E+01
1.061164692E+01  1.473612022E+01
1.063063311E+01  1.638686371E+01
1.064961930E+01  1.798268700E+01
1.066860550E+01  2.069239807E+01
1.068759169E+01  2.344850731E+01
1.070657788E+01  2.677883148E+01
1.072556408E+01  3.045230484E+01
1.074455027E+01  3.476478577E+01
1.076353646E+01  3.903152847E+01
1.078252266E+01  4.371575165E+01
1.080150885E+01  4.789645004E+01
1.082049505E+01  5.231666946E+01
1.083948124E+01  5.748438263E+01
1.085846743E+01  6.201558304E+01
1.087745363E+01  6.641206360E+01
1.089643982E+01  6.995772552E+01
1.091542601E+01  7.438648987E+01
1.093441221E+01  7.791268158E+01
1.095339840E+01  8.219458771E+01
1.097238459E+01  8.721506500E+01
1.099137079E+01  9.073733521E+01
1.101035698E+01  9.644105530E+01
1.102934317E+01  1.003661041E+02
1.104832937E+01  1.046804733E+02
1.106731556E+01  1.085049744E+02
1.108630176E+01  1.088369904E+02
1.110528795E+01  1.101515274E+02
1.112427414E+01  1.085080490E+02
1.114326034E+01  1.054691010E+02
1.116224653E+01  1.004119949E+02
1.118123272E+01  9.484299469E+01
1.120021892E+01  8.841008759E+01
1.121920511E+01  8.436997223E+01
1.123819130E+01  8.213223267E+01
1.125717750E+01  8.219852448E+01
1.127616369E+01  8.537222290E+01
1.129514989E+01  8.830400848E+01
1.131413608E+01  9.254725647E+01
1.133312227E+01  9.396749878E+01
1.135210847E+01  9.425194550E+01
1.137109466E+01  9.221008301E+01
1.139008085E+01  8.648902893E+01
1.140906705E+01  7.947003174E+01
1.142805324E+01  6.947102356E+01
1.144703943E+01  5.884297943E+01
1.146602563E+01  4.678174973E+01
1.148501182E+01  3.666667557E+01
1.150399801E+01  2.781034660E+01
1.152298421E+01  2.245578384E+01
1.154197040E+01  1.829769325E+01
1.156095660E+01  1.483906651E+01
1.157994279E+01  1.180765438E+01
1.159892898E+01  9.410832405E+00
1.161791518E+01  7.503948689E+00
1.163690137E+01  5.352179527E+00
1.165588756E+01  3.720049620E+00
1.167487376E+01  2.168139696E+00
1.169385995E+01  1.058479786E+00
1.171284614E+01  2.263666689E-01
1.173183234E+01  -1.049691439E+00
1.175081853E+01  -1.300718784E+00
1.176980473E+01  -1.247609615E+00
1.178879092E+01  -5.631958246E-01
1.180777711E+01  -1.963416487E-01
1.182676331E+01  6.419923902E-02
1.184574950E+01  1.040757895E+00
1.186473569E+01  1.768953443E+00
1.188372189E+01  3.227001905E+00
1.190270808E+01  3.756109715E+00
1.192169427E+01  4.995363712E+00
1.194068047E+01  5.876234531E+00
1.195966666E+01  6.881959915E+00
1.197865285E+01  8.617394447E+00
1.199763905E+01  9.804569244E+00
1.201662524E+01  1.197875786E+01
1.203561144E+01  1.414588928E+01
1.205459763E+01  1.821637154E+01
1.207358382E+01  2.432888985E+01
1.209257002E+01  2.991868973E+01
1.211155621E+01  4.072926331E+01
1.213054240E+01  4.896429062E+01
1.214952860E+01  6.181934738E+01
1.216851479E+01  7.059525299E+01
1.218750098E+01  7.776578522E+01
1.220648718E+01  7.598202515E+01
1.222547337E+01  7.191659546E+01
1.224445957E+01  6.181384277E+01
1.226344576E+01  5.047676086E+01
1.228243195E+01  3.956701660E+01
1.230141815E+01  2.994670296E+01
1.232040434E+01  2.419221497E+01
1.233939053E+01  2.027153015E+01
1.235837673E+01  1.803818130E+01
1.237736292E+01  1.791530991E+01
1.239634911E+01  1.721126938E+01
1.241533531E+01  1.778306961E+01
1.243432150E+01  1.859933662E+01
1.245330769E+01  2.057361984E+01
1.247229389E+01  2.241255760E+01
1.249128008E+01  2.479498482E+01
1.251026628E+01  2.829755783E+01
1.252925247E+01  3.309818649E+01
1.254823866E+01  3.927857208E+01
1.256722486E+01  4.655395126E+01
1.258621105E+01  5.507960510E+01
1.260519724E+01  6.557363892E+01
1.262418344E+01  7.816748810E+01
1.264316963E+01  9.146833801E+01
1.266215582E+01  1.024044495E+02
1.268114202E+01  1.120016632E+02
1.270012821E+01  1.176230392E+02
1.271911441E+01  1.212444687E+02
1.273810060E+01  1.219168549E+02
1.275708679E+01  1.207045593E+02
1.277607299E+01  1.187513962E+02
1.279505918E+01  1.155992966E+02
1.281404537E+01  1.123863068E+02
1.283303157E+01  1.094709244E+02
1.285201776E+01  1.049892883E+02
1.287100395E+01  1.039062576E+02
1.288999015E+01  1.014230118E+02
1.290897634E+01  1.007886963E+02
1.292796253E+01  1.006355667E+02
1.294694873E+01  9.957897186E+01
1.296593492E+01  1.029265747E+02
1.298492112E+01  1.019420395E+02
1.300390731E+01  1.060166779E+02
1.302289350E+01  1.075401840E+02
1.304187970E+01  1.094551239E+02
1.306086589E+01  1.120358963E+02
1.307985208E+01  1.126230698E+02
1.309883828E+01  1.148780518E+02
1.311782447E+01  1.144254379E+02
1.313681066E+01  1.146644211E+02
1.315579686E+01  1.112471390E+02
1.317478305E+01  1.091499100E+02
1.319376925E+01  1.058220825E+02
1.321275544E+01  1.022605057E+02
1.323174163E+01  9.965197754E+01
1.325072783E+01  9.347041321E+01
1.326971402E+01  9.063473511E+01
1.328870021E+01  8.515826416E+01
1.330768641E+01  8.091164398E+01
1.332667260E+01  7.493130493E+01
1.334565879E+01  6.966526794E+01
1.336464499E+01  6.460595703E+01
1.338363118E+01  5.994703293E+01
1.340261737E+01  5.638126755E+01
1.342160357E+01  5.309646988E+01
1.344058976E+01  5.133642197E+01
1.345957596E+01  5.025969315E+01
1.347856215E+01  5.048208618E+01
1.349754834E+01  5.028502274E+01
1.351653454E+01  5.029464722E+01
1.353552073E+01  4.960538483E+01
1.355450692E+01  4.734684753E+01
1.357349312E+01  4.402351379E+01
1.359247931E+01  3.989199829E+01
1.361146550E+01  3.485287857E+01
1.363045170E+01  2.827944946E+01
1.364943789E+01  2.208537292E+01
1.366842409E+01  1.661351013E+01
1.368741028E+01  1.151680183E+01
1.370639647E+01  6.876386166E+00
1.372538267E+01  2.682978153E+00
1.374436886E+01  2.181582749E-01
1.376335505E+01  -1.266491532E+00
1.378234125E+01  -1.981471300E+00
1.380132744E+01  -2.370925188E+00
1.382031363E+01  -2.180741787E+00
1.383929983E+01  -1.566221476E+00
1.385828602E+01  -8.898058534E-01
1.387727222E+01  -7.745001912E-01
1.389625841E+01  -9.859415144E-02
1.391524460E+01  9.706614017E-01
1.393423080E+01  2.383319378E+00
1.395321699E+01  3.704050303E+00
1.397220318E+01  5.154729366E+00
1.399118938E+01  6.813976288E+00
1.401017557E+01  8.502194405E+00
1.402916176E+01  1.059513760E+01
1.404814796E+01  1.265587234E+01
1.406713415E+01  1.532344532E+01
1.408612034E+01  1.697206688E+01
1.410510654E+01  1.837169075E+01
1.412409273E+01  1.764041328E+01
1.414307893E+01  1.685881615E+01
1.416206512E+01  1.495737553E+01
1.418105131E+01  1.254538441E+01
1.420003751E+01  1.011890697E+01
1.421902370E+01  7.872662544E+00
1.423800989E+01  6.241234303E+00
1.425699609E+01  4.800942898E+00
1.427598228E+01  3.560602427E+00
1.429496847E+01  2.990498066E+00
1.431395467E+01  2.778383970E+00
1.433294086E+01  2.375334740E+00
1.435192706E+01  1.883046627E+00
1.437091325E+01  1.261310220E+00
1.438989944E+01  5.178616047E-01
1.440888564E+01  3.416223526E-01
1.442787183E+01  3.000110984E-01
1.444685802E+01  1.161809787E-01
1.446584422E+01  -2.832661271E-01
1.448483041E+01  -2.938072979E-01
1.450381660E+01  -3.273193240E-01
1.452280280E+01  -5.784360766E-01
1.454178899E+01  -5.022557974E-01
1.456077518E+01  -6.172738671E-01
1.457976138E+01  -3.895383775E-01
1.459874757E+01  -4.237673283E-01
1.461773377E+01  -1.752780229E-01
1.463671996E+01  -3.279024363E-01
1.465570615E+01  -4.255338311E-01
1.467469235E+01  -3.481692076E-02
1.469367854E+01  -1.819772720E-01
1.471266473E+01  1.501073390E-01
1.473165093E+01  1.921938956E-01
1.475063712E+01  2.701275647E-01
1.476962331E+01  -1.215816811E-01
1.478860951E+01  -1.042146683E-01
1.480759570E+01  1.869166195E-01
1.482658190E+01  3.122912347E-01
1.484556809E+01  9.093740582E-02
1.486455428E+01  2.815223932E-01
1.488354048E+01  1.712489277E-01
1.490252667E+01  -2.893043756E-01
1.492151286E+01  -7.233534753E-02
1.494049906E+01  3.282271028E-01
1.495948525E+01  4.389732778E-01
1.497847144E+01  3.956650198E-01
1.499745764E+01  6.633731723E-01
1.501644383E+01  1.152763605E+00
1.503543002E+01  1.270465374E+00
1.505441622E+01  1.066088438E+00
1.507340241E+01  8.442984819E-01
1.509238861E+01  1.329549789E+00
1.511137480E+01  1.548043132E+00
1.513036099E+01  1.159862876E+00
1.514934719E+01  1.877973974E-01
1.516833338E+01  -1.689706892E-01
1.518731957E+01  6.306578964E-02
1.520630577E+01  3.687534928E-01
1.522529196E+01  4.241950214E-01
1.524427815E+01  -5.759358406E-02
1.526326435E+01  -3.280556798E-01
1.528225054E+01  -4.517417848E-01
1.530123674E+01  -1.488839090E-01
1.532022293E+01  1.636504084E-01
1.533920912E+01  1.831805259E-01
1.535819532E+01  -9.790866822E-02
1.537718151E+01  -1.251370013E-01
1.539616770E+01  -2.175510675E-01
1.541515390E+01  8.097393066E-02
1.543414009E+01  1.781269461E-01
1.545312628E+01  3.222463429E-01
1.547211248E+01  2.019763291E-01
1.549109867E+01  5.402608588E-02
1.551008486E+01  -2.627780735E-01
1.552907106E+01  5.739896744E-02
1.554805725E+01  1.165389419E-01
1.556704345E+01  1.974914223E-01
1.558602964E+01  3.673077822E-01
1.560501583E+01  8.249902725E-01
1.562400203E+01  9.415937066E-01
1.564298822E+01  9.140195251E-01
1.566197441E+01  6.886778474E-01
1.568096061E+01  7.150433064E-01
1.569994680E+01  9.327015877E-01
1.571893299E+01  1.103991985E+00
1.573791919E+01  1.351513863E+00
1.575690538E+01  1.831696391E+00
1.577589158E+01  2.200130463E+00
1.579487777E+01  2.331464291E+00
1.581386396E+01  2.389608383E+00
1.583285016E+01  2.731575251E+00
1.585183635E+01  3.095024109E+00
1.587082254E+01  3.391139030E+00
1.588980874E+01  3.989997149E+00
1.590879493E+01  4.548617363E+00
1.592778112E+01  5.299624920E+00
1.594676732E+01  5.913662434E+00
1.596575351E+01  6.251660347E+00
1.598473970E+01  7.046875954E+00
1.600372590E+01  7.392224789E+00
1.602271209E+01  8.176848412E+00
1.604169829E+01  9.463952065E+00
1.606068448E+01  1.074283028E+01
1.607967067E+01  1.145071793E+01
1.609865687E+01  1.205210018E+01
1.611764306E+01  1.290669346E+01
1.613662925E+01  1.408732891E+01
1.615561545E+01  1.590756893E+01
1.617460164E+01  1.802653122E+01
1.619358783E+01  2.085339737E+01
1.621257403E+01  2.442000008E+01
1.623156022E+01  2.912407684E+01
1.625054642E+01  3.500558853E+01
1.626953261E+01  4.141445160E+01
1.628851880E+01  4.602943802E+01
1.630750500E+01  4.723098373E+01
1.632649119E+01  4.536259079E+01
1.634547738E+01  4.060578156E+01
1.636446358E+01  3.559444046E+01
1.638344977E+01  3.108507729E+01
1.640243596E+01  2.835566711E+01
1.642142216E+01  2.670308685E+01
1.644040835E+01  2.640335655E+01
1.645939455E+01  2.677305031E+01
1.647838074E+01  2.786429214E+01
1.649736693E+01  2.898272133E+01
1.651635313E+01  3.059055519E+01
1.653533932E+01  3.350897217E+01
1.655432551E+01  3.663301468E+01
1.657331171E+01  3.898316574E+01
1.659229790E+01  4.002029800E+01
1.661128409E+01  3.976636124E+01
1.663027029E+01  3.868673706E+01
1.664925648E+01  3.638425827E+01
1.666824267E+01  3.296726227E+01
1.668722887E+01  2.834404755E+01
1.670621506E+01  2.388913727E+01
1.672520126E+01  2.071856308E+01
1.674418745E+01  1.883801270E+01
1.676317364E+01  1.741383553E+01
1.678215984E+01  1.539980793E+01
1.680114603E+01  1.381897259E+01
1.682013222E+01  1.237268829E+01
1.683911842E+01  1.145054913E+01
1.685810461E+01  1.006733608E+01
1.687709080E+01  9.132403374E+00
1.689607700E+01  8.247818947E+00
1.691506319E+01  8.118803024E+00
1.693404939E+01  7.731127262E+00
1.695303558E+01  7.602281094E+00
1.697202177E+01  6.980630398E+00
1.699100797E+01  6.559030056E+00
1.700999416E+01  6.118809700E+00
1.702898035E+01  5.995077610E+00
1.704796655E+01  5.310824871E+00
1.706695274E+01  4.608583450E+00
1.708593893E+01  3.802619219E+00
1.710492513E+01  2.920851707E+00
1.712391132E+01  1.933712363E+00
1.714289751E+01  1.237255931E+00
1.716188371E+01  6.605632901E-01
1.718086990E+01  6.858975887E-01
1.719985610E+01  6.474056840E-01
1.721884229E+01  4.472760558E-01
1.723782848E+01  1.141201928E-01
1.725681468E+01  -4.084826708E-01
1.727580087E+01  -8.368902206E-01
1.729478706E+01  -1.029284239E+00
1.731377326E+01  -1.104643106E+00
1.733275945E+01  -8.806543946E-01
1.735174564E+01  -5.644340515E-01
1.737073184E+01  -1.311742812E-01
1.738971803E+01  -3.465598524E-01
1.740870423E+01  -6.649927497E-01
1.742769042E+01  -8.618265390E-01
1.744667661E+01  -5.891999006E-01
1.746566281E+01  -1.297113113E-02
1.748464900E+01  5.900204182E-01
1.750363519E+01  1.091946244E+00
1.752262139E+01  1.877633572E+00
1.754160758E+01  2.591098785E+00
1.756059377E+01  3.350434542E+00
1.757957997E+01  3.870287895E+00
1.759856616E+01  5.084371090E+00
1.761755235E+01  6.206110477E+00
1.763653855E+01  7.188072681E+00
1.765552474E+01  7.901767254E+00
1.767451094E+01  8.733928680E+00
1.769349713E+01  9.391611099E+00
1.771248332E+01  1.014306068E+01
1.773146952E+01  1.058315563E+01
1.775045571E+01  1.129755211E+01
1.776944190E+01  1.228311157E+01
1.778842810E+01  1.400363541E+01
1.780741429E+01  1.610498047E+01
1.782640048E+01  1.764332962E+01
1.784538668E+01  1.978449059E+01
1.786437287E+01  2.248112679E+01
1.788335907E+01  2.644787598E+01
1.790234526E+01  3.183888817E+01
1.792133145E+01  3.759406662E+01
1.794031765E+01  4.468260574E+01
1.795930384E+01  5.335222626E+01
1.797829003E+01  6.444750977E+01
1.799727623E+01  7.783290100E+01
1.801626242E+01  9.274426270E+01
1.803524861E+01  1.086745071E+02
1.805423481E+01  1.215736542E+02
1.807322100E+01  1.310513306E+02
1.809220719E+01  1.352971954E+02
1.811119339E+01  1.365344543E+02
1.813017958E+01  1.353499298E+02
1.814916578E+01  1.323638000E+02
1.816815197E+01  1.274672165E+02
1.818713816E+01  1.188458710E+02
1.820612436E+01  1.083813095E+02
1.822511055E+01  9.592697906E+01
1.824409674E+01  8.392652893E+01
1.826308294E+01  7.271189117E+01
1.828206913E+01  6.330627441E+01
1.830105532E+01  5.568492508E+01
1.832004152E+01  4.987246323E+01
1.833902771E+01  4.512971497E+01
1.835801391E+01  4.117554092E+01
1.837700010E+01  3.736631393E+01
1.839598629E+01  3.343125153E+01
1.841497249E+01  2.950193596E+01
1.843395868E+01  2.557429504E+01
1.845294487E+01  2.196658707E+01
1.847193107E+01  1.903089905E+01
1.849091726E+01  1.607768822E+01
1.850990345E+01  1.379851437E+01
1.852888965E+01  1.183368587E+01
1.854787584E+01  1.068203259E+01
1.856686203E+01  8.999416351E+00
1.858584823E+01  7.975623608E+00
1.860483442E+01  7.388858795E+00
1.862382062E+01  7.085659981E+00
1.864280681E+01  6.900229454E+00
1.866179300E+01  6.632323265E+00
1.868077920E+01  6.790020466E+00
1.869976539E+01  6.514861107E+00
1.871875158E+01  6.727448940E+00
1.873773778E+01  7.464684010E+00
1.875672397E+01  8.331925392E+00
1.877571016E+01  8.556385994E+00
1.879469636E+01  9.141758919E+00
1.881368255E+01  1.052157211E+01
1.883266875E+01  1.174834824E+01
1.885165494E+01  1.302786350E+01
1.887064113E+01  1.455482197E+01
1.888962733E+01  1.609267616E+01
1.890861352E+01  1.741931534E+01
1.892759971E+01  1.909895515E+01
1.894658591E+01  2.118215179E+01
1.896557210E+01  2.362170982E+01
1.898455829E+01  2.605510521E+01
1.900354449E+01  2.873110580E+01
1.902253068E+01  3.166025162E+01
1.904151687E+01  3.436623001E+01
1.906050307E+01  3.751985931E+01
1.907948926E+01  4.055344391E+01
1.909847546E+01  4.273262024E+01
1.911746165E+01  4.397036743E+01
1.913644784E+01  4.407901382E+01
1.915543404E+01  4.320090485E+01
1.917442023E+01  4.138585281E+01
1.919340642E+01  3.902235413E+01
1.921239262E+01  3.639093399E+01
1.923137881E+01  3.348729324E+01
1.925036500E+01  2.990281868E+01
1.926935120E+01  2.648021317E+01
1.928833739E+01  2.280843735E+01
1.930732359E+01  1.964782524E+01
1.932630978E+01  1.633284187E+01
1.934529597E+01  1.331959343E+01
1.936428217E+01  1.058596516E+01
1.938326836E+01  8.425107002E+00
1.940225455E+01  6.140519142E+00
1.942124075E+01  4.103883743E+00
1.944022694E+01  2.623671770E+00
1.945921313E+01  2.037015915E+00
1.947819933E+01  1.598294020E+00
1.949718552E+01  1.270295858E+00
1.951617172E+01  1.202099800E+00
1.953515791E+01  1.546333790E+00
1.955414410E+01  2.284309626E+00
1.957313030E+01  3.718516588E+00
1.959211649E+01  5.538082123E+00
1.961110268E+01  8.131484032E+00
1.963008888E+01  1.106496143E+01
1.964907507E+01  1.488451576E+01
1.966806126E+01  1.937050247E+01
1.968704746E+01  2.398373604E+01
1.970603365E+01  2.940832520E+01
1.972501984E+01  3.512248230E+01
1.974400604E+01  4.166304016E+01
1.976299223E+01  4.706204224E+01
1.978197843E+01  5.278817368E+01
1.980096462E+01  5.723524475E+01
1.981995081E+01  6.217527390E+01
1.983893701E+01  6.516016388E+01
1.985792320E+01  6.773051453E+01
1.987690939E+01  6.896157837E+01
1.989589559E+01  6.872076416E+01
1.991488178E+01  6.739157104E+01
1.993386797E+01  6.441840363E+01
1.995285417E+01  6.275310898E+01
1.997184036E+01  5.966763687E+01
1.999082656E+01  5.792470551E+01
2.000981275E+01  5.419813538E+01
2.002879894E+01  5.179730606E+01
2.004778514E+01  4.811431122E+01
2.006677133E+01  4.502674484E+01
2.008575752E+01  4.043394089E+01
2.010474372E+01  3.743018723E+01
2.012372991E+01  3.378988266E+01
2.014271610E+01  3.134889221E+01
2.016170230E+01  2.810924721E+01
2.018068849E+01  2.664206886E+01
2.019967468E+01  2.485374069E+01
2.021866088E+01  2.413313675E+01
2.023764707E+01  2.283941650E+01
2.025663327E+01  2.177676582E+01
2.027561946E+01  2.069967842E+01
2.029460565E+01  1.981063271E+01
2.031359185E+01  1.929380226E+01
2.033257804E+01  1.858694649E+01
2.035156423E+01  1.822705269E+01
2.037055043E+01  1.720947266E+01
2.038953662E+01  1.667876625E+01
2.040852281E+01  1.594771481E+01
2.042750901E+01  1.503557777E+01
2.044649520E+01  1.423269749E+01
2.046548140E+01  1.361116123E+01
2.048446759E+01  1.298354340E+01
2.050345378E+01  1.262286663E+01
2.052243998E+01  1.250597572E+01
2.054142617E+01  1.250203705E+01
2.056041236E+01  1.261716270E+01
2.057939856E+01  1.220901775E+01
2.059838475E+01  1.230778217E+01
2.061737094E+01  1.197513676E+01
2.063635714E+01  1.214573479E+01
2.065534333E+01  1.199498463E+01
2.067432952E+01  1.200784016E+01
2.069331572E+01  1.220988846E+01
2.071230191E+01  1.269016361E+01
2.073128811E+01  1.277957916E+01
2.075027430E+01  1.305413246E+01
2.076926049E+01  1.320535183E+01
2.078824669E+01  1.339845181E+01
2.080723288E+01  1.345950508E+01
2.082621907E+01  1.366693211E+01
2.084520527E+01  1.387890339E+01
2.086419146E+01  1.414646626E+01
2.088317765E+01  1.406342411E+01
2.090216385E+01  1.381069279E+01
2.092115004E+01  1.413356686E+01
2.094013624E+01  1.463232803E+01
2.095912243E+01  1.534622097E+01
2.097810862E+01  1.573770046E+01
2.099709482E+01  1.573373508E+01
2.101608101E+01  1.571016026E+01
2.103506720E+01  1.618606186E+01
2.105405340E+01  1.683093834E+01
2.107303959E+01  1.731808090E+01
2.109202578E+01  1.744053268E+01
2.111101198E+01  1.764585114E+01
2.112999817E+01  1.745331573E+01
2.114898436E+01  1.752079964E+01
2.116797056E+01  1.722596359E+01
2.118695675E+01  1.679819298E+01
2.120594295E+01  1.591067410E+01
2.122492914E+01  1.523625278E+01
2.124391533E+01  1.435559464E+01
2.126290153E+01  1.338714600E+01
2.128188772E+01  1.272935677E+01
2.130087391E+01  1.141268158E+01
2.131986011E+01  1.095065308E+01
2.133884630E+01  1.029629993E+01
2.135783249E+01  9.483712196E+00
2.137681869E+01  8.617911339E+00
2.139580488E+01  7.859468460E+00
2.141479108E+01  7.208508968E+00
2.143377727E+01  6.456517220E+00
2.145276346E+01  5.313454151E+00
2.147174966E+01  4.541172981E+00
2.149073585E+01  3.517117739E+00
2.150972204E+01  2.677189112E+00
2.152870824E+01  2.097402096E+00
2.154769443E+01  1.392085671E+00
2.156668062E+01  6.674133539E-01
2.158566682E+01  1.416772455E-01
2.160465301E+01  -1.960454881E-01
2.162363920E+01  -5.674565434E-01
2.164262540E+01  -7.192275524E-01
2.166161159E+01  -7.238567472E-01
2.168059779E+01  -5.457548499E-01
2.169958398E+01  -2.984031737E-01
2.171857017E+01  2.457857281E-01
2.173755637E+01  1.026099443E+00
2.175654256E+01  1.752113461E+00
2.177552875E+01  2.868679047E+00
2.179451495E+01  4.296058178E+00
2.181350114E+01  6.067454338E+00
2.183248733E+01  8.007681847E+00
2.185147353E+01  1.021589851E+01
2.187045972E+01  1.229461861E+01
2.188944592E+01  1.472013187E+01
2.190843211E+01  1.751192665E+01
2.192741830E+01  2.064975166E+01
2.194640450E+01  2.384900093E+01
2.196539069E+01  2.670984459E+01
2.198437688E+01  2.850248337E+01
2.200336308E+01  2.896978569E+01
2.202234927E+01  2.762874222E+01
2.204133546E+01  2.498309708E+01
2.206032166E+01  2.159131432E+01
2.207930785E+01  1.809929276E+01
2.209829405E+01  1.457168198E+01
2.211728024E+01  1.138691235E+01
2.213626643E+01  9.043442726E+00
2.215525263E+01  7.040996552E+00
2.217423882E+01  5.323134422E+00
2.219322501E+01  4.182645321E+00
2.221221121E+01  3.457807779E+00
2.223119740E+01  2.857342482E+00
2.225018359E+01  2.340203047E+00
2.226916979E+01  1.821637750E+00
2.228815598E+01  1.359632134E+00
2.230714217E+01  7.199994922E-01
2.232612837E+01  2.754796110E-02
2.234511456E+01  -1.944684088E-01
2.236410076E+01  -2.089043111E-01
2.238308695E+01  -3.013711274E-01
2.240207314E+01  -6.334923506E-01
2.242105934E+01  -7.965306640E-01
2.244004553E+01  -8.137766719E-01
2.245903172E+01  -5.428338647E-01
2.247801792E+01  -1.894326657E-01
2.249700411E+01  8.121978492E-02
2.251599030E+01  2.576955855E-01
2.253497650E+01  5.552624464E-01
2.255396269E+01  1.100871921E+00
2.257294889E+01  1.665751696E+00
2.259193508E+01  2.009504080E+00
2.261092127E+01  2.151790142E+00
2.262990747E+01  2.033711672E+00
2.264889366E+01  1.731570959E+00
2.266787985E+01  2.035305738E+00
2.268686605E+01  2.413973093E+00
2.270585224E+01  4.340224743E+00
2.272483843E+01  3.597779512E+00
2.274382463E+01  5.486699104E+00
2.276281082E+01  5.794401646E+00
2.278179701E+01  4.903444767E+00
2.280078321E+01  1.413737655E+00
2.281976940E+01  -1.833067834E-01
2.283875560E+01  -2.388952076E-01
2.285774179E+01  -1.152803674E-01
2.287672798E+01  -2.651855052E-01
2.289571418E+01  -8.171734214E-02
2.291470037E+01  2.264588140E-02
2.293368656E+01  1.707853228E-01
2.295267276E+01  -4.216182511E-03
2.297165895E+01  -1.950311363E-01
2.299064514E+01  -3.569283187E-01
2.300963134E+01  -1.530141383E-01
2.302861753E+01  3.607183695E-01
2.304760373E+01  7.404791713E-01
2.306658992E+01  7.393206358E-01
2.308557611E+01  5.188500881E-01
2.310456231E+01  4.687563181E-01
2.312354850E+01  5.266441107E-01
2.314253469E+01  4.107419848E-01
2.316152089E+01  4.255076051E-01
2.318050708E+01  4.202302992E-01
2.319949327E+01  6.654986739E-01
2.321847947E+01  4.543011487E-01
2.323746566E+01  2.719660997E-01
2.325645185E+01  -3.589961305E-02
2.327543805E+01  3.903805837E-02
2.329442424E+01  4.515144229E-02
2.331341044E+01  2.352660447E-01
2.333239663E+01  3.620895743E-01
2.335138282E+01  5.014294982E-01
2.337036902E+01  4.091671109E-01
2.338935521E+01  3.259138465E-01
2.340834140E+01  4.982746243E-01
2.342732760E+01  3.357952833E-01
2.344631379E+01  1.918260008E-01
2.346529998E+01  6.257829815E-02
2.348428618E+01  2.433421277E-02
2.350327237E+01  -2.918382920E-02
2.352225857E+01  -8.388125896E-02
2.354124476E+01  -1.764435619E-01
2.356023095E+01  -1.237588599E-01
2.357921715E+01  1.312862188E-01
2.359820334E+01  3.403311372E-01
2.361718953E+01  3.806989193E-01
2.363617573E+01  2.684524059E-01
2.365516192E+01  1.496000737E-01
2.367414811E+01  3.315550685E-01
2.369313431E+01  4.718048275E-01
2.371212050E+01  4.449808002E-01
2.373110669E+01  1.762249023E-01
2.375009289E+01  5.211154372E-02
2.376907908E+01  1.974138431E-03
2.378806528E+01  8.300910145E-02
2.380705147E+01  -2.780299820E-02
2.382603766E+01  1.615474224E-01
2.384502386E+01  2.377597690E-01
2.386401005E+01  2.970483005E-01
2.388299624E+01  1.100009158E-01
2.390198244E+01  3.570884466E-02
2.392096863E+01  3.928583860E-02
2.393995482E+01  3.724035621E-01
2.395894102E+01  6.767875552E-01
2.397792721E+01  4.836296439E-01
2.399691341E+01  1.472089738E-01
2.401589960E+01  -9.796754271E-02
2.403488579E+01  1.402418166E-01
2.405387199E+01  1.828433424E-01
2.407285818E+01  1.400091052E-01
2.409184437E+01  -6.804641336E-02
2.411083057E+01  -1.859719306E-01
2.412981676E+01  -1.364376098E-01
2.414880295E+01  -8.199199289E-02
2.416778915E+01  1.604795009E-01
2.418677534E+01  2.007943392E-02
2.420576153E+01  -2.697956190E-02
2.422474773E+01  6.341507286E-02
2.424373392E+01  -4.094690084E-02
