2.827307538E+00  5.768835545E-01
2.846293732E+00  6.739076972E-01
2.865279926E+00  7.864053845E-01
2.884266119E+00  1.958785951E-01
2.903252313E+00  -1.118316948E-01
2.922238506E+00  1.346829236E-01
2.941224700E+00  8.642167449E-01
2.960210894E+00  1.457642198E+00
2.979197087E+00  1.521938920E+00
2.998183281E+00  2.081207037E+00
3.017169474E+00  1.638194084E+00
3.036155668E+00  1.437161684E+00
3.055141862E+00  1.470443130E+00
3.074128055E+00  1.531839728E+00
3.093114249E+00  2.053329706E+00
3.112100442E+00  1.469526649E+00
3.131086636E+00  1.427154422E+00
3.150072830E+00  1.343863130E+00
3.169059023E+00  1.365461826E+00
3.188045217E+00  7.284201384E-01
3.207031410E+00  1.258792400E+00
3.226017604E+00  1.383575797E+00
3.245003798E+00  1.770161271E+00
3.263989991E+00  2.102566242E+00
3.282976185E+00  2.865176916E+00
3.301962378E+00  3.153057814E+00
3.320948572E+00  3.274766445E+00
3.339934766E+00  2.815875530E+00
3.358920959E+00  3.459593058E+00
3.377907153E+00  3.908459663E+00
3.396893346E+00  5.505466461E+00
3.415879540E+00  7.369667530E+00
3.434865734E+00  1.008333206E+01
3.453851927E+00  1.386642838E+01
3.472838121E+00  2.000407982E+01
3.491824314E+00  2.752037621E+01
3.510810508E+00  3.433401108E+01
3.529796702E+00  3.662768555E+01
3.548782895E+00  3.365005493E+01
3.567769089E+00  2.603363228E+01
3.586755282E+00  1.815106201E+01
3.605741476E+00  1.155069923E+01
3.624727670E+00  7.495744705E+00
3.643713863E+00  5.051778793E+00
3.662700057E+00  3.477569580E+00
3.681686250E+00  2.984867811E+00
3.700672444E+00  2.200803518E+00
3.719658638E+00  2.003298998E+00
3.738644831E+00  1.757120728E+00
3.757631025E+00  2.170953751E+00
3.776617218E+00  2.074301481E+00
3.795603412E+00  1.973246694E+00
3.814589606E+00  1.593393207E+00
3.833575799E+00  1.119104266E+00
3.852561993E+00  1.028608680E+00
3.871548186E+00  1.085044622E+00
3.890534380E+00  1.424283504E+00
3.909520574E+00  1.299331784E+00
3.928506767E+00  1.159392953E+00
3.947492961E+00  8.024823070E-01
3.966479154E+00  1.056973815E+00
3.985465348E+00  7.138211131E-01
4.004451542E+00  2.750303745E-01
4.023437735E+00  4.434206188E-01
4.042423929E+00  5.232087970E-01
4.061410122E+00  8.575942516E-01
4.080396316E+00  9.739361405E-01
4.099382510E+00  1.318204999E+00
4.118368703E+00  1.166143298E+00
4.137354897E+00  6.076167822E-01
4.156341091E+00  4.341766238E-01
4.175327284E+00  6.893361807E-01
4.194313478E+00  8.116641641E-01
4.213299671E+00  7.038235068E-01
4.232285865E+00  1.030764461E+00
4.251272059E+00  1.079759240E+00
4.270258252E+00  8.974584937E-01
4.289244446E+00  5.036688447E-01
4.308230639E+00  6.030691862E-01
4.327216833E+00  4.788582921E-01
4.346203027E+00  4.151963890E-01
4.365189220E+00  2.416721582E-01
4.384175414E+00  5.045412183E-01
4.403161607E+00  2.863121033E-01
4.422147801E+00  1.571397036E-01
4.441133995E+00  1.435695291E-01
4.460120188E+00  2.573123276E-01
4.479106382E+00  -2.189603597E-01
4.498092575E+00  -3.904448450E-01
4.517078769E+00  -2.782156505E-02
4.536064963E+00  4.810487106E-02
4.555051156E+00  2.195691466E-01
4.574037350E+00  1.767401844E-01
4.593023543E+00  7.020908594E-01
4.612009737E+00  5.038253069E-01
4.630995931E+00  2.183281183E-01
4.649982124E+00  1.471870244E-01
4.668968318E+00  3.897691667E-01
4.687954511E+00  9.873476624E-01
4.706940705E+00  8.384678960E-01
4.725926899E+00  1.167307138E+00
4.744913092E+00  8.631263971E-01
4.763899286E+00  1.295536757E+00
4.782885479E+00  1.112949133E+00
4.801871673E+00  1.092567325E+00
4.820857867E+00  1.087059021E+00
4.839844060E+00  8.840990663E-01
4.858830254E+00  9.269182682E-01
4.877816447E+00  6.940012574E-01
4.896802641E+00  9.375324249E-01
4.915788835E+00  1.117489100E+00
4.934775028E+00  1.028407335E+00
4.953761222E+00  1.175902724E+00
4.972747415E+00  3.783951104E-01
4.991733609E+00  4.036233425E-01
5.010719803E+00  2.542232275E-01
5.029705996E+00  1.680249214E+00
5.048692190E+00  2.029006720E+00
5.067678383E+00  1.814902663E+00
5.086664577E+00  7.154111266E-01
5.105650771E+00  1.408176571E-01
5.124636964E+00  -1.100991070E-01
5.143623158E+00  1.990169734E-01
5.162609351E+00  -1.462237388E-01
5.181595545E+00  -2.130731940E-01
5.200581739E+00  -2.508548796E-01
5.219567932E+00  -1.749880910E-01
5.238554126E+00  3.981158137E-01
5.257540319E+00  4.998857677E-01
5.276526513E+00  7.643352747E-01
5.295512707E+00  8.842417002E-01
5.314498900E+00  4.146461487E-01
5.333485094E+00  3.621364832E-01
5.352471287E+00  4.058740735E-01
5.371457481E+00  1.064483404E+00
5.390443675E+00  1.084300399E+00
5.409429868E+00  1.051590085E+00
5.428416062E+00  9.382965565E-01
5.447402255E+00  9.881852269E-01
5.466388449E+00  4.552660584E-01
5.485374643E+00  6.510683894E-01
5.504360836E+00  3.496124148E-01
5.523347030E+00  2.097145617E-01
5.542333223E+00  -6.168876775E-03
5.561319417E+00  1.007803559E+00
5.580305611E+00  2.029860497E+00
5.599291804E+00  2.448344946E+00
5.618277998E+00  1.818522930E+00
5.637264192E+00  8.001445532E-01
5.656250385E+00  5.048710704E-01
5.675236579E+00  7.994808555E-01
5.694222772E+00  1.918646216E+00
5.713208966E+00  2.157970190E+00
5.732195160E+00  1.846778393E+00
5.751181353E+00  1.252397656E+00
5.770167547E+00  1.133926034E+00
5.789153740E+00  1.257030725E+00
5.808139934E+00  1.418023467E+00
5.827126128E+00  1.228907466E+00
5.846112321E+00  1.590884805E+00
5.865098515E+00  1.424853444E+00
5.884084708E+00  1.394487500E+00
5.903070902E+00  9.917150140E-01
5.922057096E+00  5.509217381E-01
5.941043289E+00  5.056322813E-01
5.960029483E+00  -2.119854838E-01
5.979015676E+00  2.069453001E-01
5.998001870E+00  4.914057851E-01
6.016988064E+00  1.121215343E+00
6.035974257E+00  1.391667843E+00
6.054960451E+00  1.690936923E+00
6.073946644E+00  1.226990581E+00
6.092932838E+00  7.719006538E-01
6.111919032E+00  2.580973804E-01
6.130905225E+00  -1.499582976E-01
6.149891419E+00  -1.606153846E-01
6.168877612E+00  -5.073738098E-01
6.187863806E+00  -5.340104699E-01
6.206850000E+00  -1.101253368E-02
6.225836193E+00  7.749783397E-01
6.244822387E+00  1.215276837E+00
6.263808580E+00  9.889285564E-01
6.282794774E+00  1.031982780E+00
6.301780968E+00  1.351109266E+00
6.320767161E+00  1.641780257E+00
6.339753355E+00  1.883748651E+00
6.358739548E+00  1.696579576E+00
6.377725742E+00  1.850730896E+00
6.396711936E+00  2.395423889E+00
6.415698129E+00  3.483077765E+00
6.434684323E+00  4.545166969E+00
6.453670516E+00  5.382998943E+00
6.472656710E+00  5.888003349E+00
6.491642904E+00  5.189498901E+00
6.510629097E+00  4.893386364E+00
6.529615291E+00  3.926827192E+00
6.548601484E+00  3.381825924E+00
6.567587678E+00  3.175016403E+00
6.586573872E+00  3.892508745E+00
6.605560065E+00  4.612487316E+00
6.624546259E+00  5.221980572E+00
6.643532452E+00  6.319856644E+00
6.662518646E+00  8.039604187E+00
6.681504840E+00  1.057629013E+01
6.700491033E+00  1.394845676E+01
6.719477227E+00  1.842745399E+01
6.738463420E+00  2.368064117E+01
6.757449614E+00  2.896831894E+01
6.776435808E+00  3.352471924E+01
6.795422001E+00  3.675436401E+01
6.814408195E+00  3.800469208E+01
6.833394388E+00  3.750871658E+01
6.852380582E+00  3.633407211E+01
6.871366776E+00  3.663602066E+01
6.890352969E+00  3.834938431E+01
6.909339163E+00  4.257649612E+01
6.928325356E+00  5.020888519E+01
6.947311550E+00  6.324179459E+01
6.966297744E+00  8.337088776E+01
6.985283937E+00  1.108977127E+02
7.004270131E+00  1.467211304E+02
7.023256325E+00  1.845837402E+02
7.042242518E+00  2.168304596E+02
7.061228712E+00  2.363657074E+02
7.080214905E+00  2.322780609E+02
7.099201099E+00  2.093855286E+02
7.118187293E+00  1.734834290E+02
7.137173486E+00  1.344456787E+02
7.156159680E+00  1.001849670E+02
7.175145873E+00  7.298825073E+01
7.194132067E+00  5.252461624E+01
7.213118261E+00  3.858853149E+01
7.232104454E+00  2.856771088E+01
7.251090648E+00  2.132932854E+01
7.270076841E+00  1.646411705E+01
7.289063035E+00  1.356135464E+01
7.308049229E+00  1.100490475E+01
7.327035422E+00  8.960738182E+00
7.346021616E+00  7.598267555E+00
7.365007809E+00  6.741676807E+00
7.383994003E+00  5.803318024E+00
7.402980197E+00  5.065793991E+00
7.421966390E+00  4.170944214E+00
7.440952584E+00  3.506765842E+00
7.459938777E+00  2.673590422E+00
7.478924971E+00  2.035005093E+00
7.497911165E+00  1.847022057E+00
7.516897358E+00  1.722527981E+00
7.535883552E+00  1.835463524E+00
7.554869745E+00  1.841236115E+00
7.573855939E+00  1.347987771E+00
7.592842133E+00  4.393619895E-01
7.611828326E+00  1.677133292E-01
7.630814520E+00  9.864727408E-02
7.649800713E+00  5.574480295E-01
7.668786907E+00  6.392391920E-01
7.687773101E+00  6.898465157E-01
7.706759294E+00  4.689114392E-01
7.725745488E+00  9.370458871E-02
7.744731681E+00  4.281904399E-01
7.763717875E+00  1.485091805E+00
7.782704069E+00  1.251659989E+00
7.801690262E+00  7.501709461E-01
7.820676456E+00  -1.464526355E-01
7.839662649E+00  -1.159378216E-01
7.858648843E+00  4.283959568E-01
7.877635037E+00  6.990962029E-01
7.896621230E+00  7.504676580E-01
7.915607424E+00  3.819017410E-01
7.934593617E+00  7.104257345E-01
7.953579811E+00  3.018307090E-01
7.972566005E+00  -9.817878157E-02
7.991552198E+00  -3.676711619E-01
8.010538392E+00  1.499026082E-02
8.029524585E+00  2.399867475E-01
8.048510779E+00  -1.044073254E-01
8.067496973E+00  -3.867480457E-01
8.086483166E+00  -1.979287267E-01
8.105469360E+00  -5.108838528E-02
8.124455553E+00  7.541688532E-02
8.143441747E+00  5.107932687E-01
8.162427941E+00  5.039141774E-01
8.181414134E+00  1.760631502E-01
8.200400328E+00  -2.422192097E-01
8.219386521E+00  -2.557086647E-01
8.238372715E+00  -5.876532197E-02
8.257358909E+00  8.684561402E-02
8.276345102E+00  2.359591424E-01
8.295331296E+00  2.818187177E-01
8.314317489E+00  3.423566520E-01
8.333303683E+00  4.353999496E-01
8.352289877E+00  4.524154961E-01
8.371276070E+00  5.400464535E-01
8.390262264E+00  4.533900321E-01
8.409248457E+00  4.064989388E-01
8.428234651E+00  4.411168993E-01
8.447220845E+00  9.090626240E-01
8.466207038E+00  1.204674482E+00
8.485193232E+00  1.388232350E+00
8.504179426E+00  1.636984229E+00
8.523165619E+00  1.536934376E+00
8.542151813E+00  1.172923326E+00
8.561138006E+00  1.098989487E+00
8.580124200E+00  7.646004558E-01
8.599110394E+00  8.596478105E-01
8.618096587E+00  9.347244501E-01
8.637082781E+00  1.042657852E+00
8.656068974E+00  5.933300257E-01
8.675055168E+00  2.461860776E-01
8.694041362E+00  -4.183418155E-01
8.713027555E+00  -3.343602121E-01
8.732013749E+00  -3.023461103E-01
8.750999942E+00  -4.102696478E-01
8.769986136E+00  -5.269522667E-01
8.788972330E+00  -9.164890647E-01
8.807958523E+00  -9.924119711E-01
8.826944717E+00  -1.274261117E+00
8.845930910E+00  -9.825239778E-01
8.864917104E+00  -6.455385089E-01
8.883903298E+00  -1.407987028E-01
8.902889491E+00  2.075712197E-02
8.921875685E+00  -3.990534693E-02
8.940861878E+00  -1.086920053E-01
8.959848072E+00  5.545371771E-02
8.978834266E+00  8.091083765E-01
8.997820459E+00  1.476551175E+00
9.016806653E+00  2.759502172E+00
9.035792846E+00  3.761407852E+00
9.054779040E+00  4.814124107E+00
9.073765234E+00  6.440951347E+00
9.092751427E+00  8.423444748E+00
9.111737621E+00  1.170553303E+01
9.130723814E+00  1.608763313E+01
9.149710008E+00  2.238453865E+01
9.168696202E+00  3.024175072E+01
9.187682395E+00  4.253863907E+01
9.206668589E+00  6.110843277E+01
9.225654782E+00  8.791994476E+01
9.244640976E+00  1.235759735E+02
9.263627170E+00  1.725424500E+02
9.282613363E+00  2.326123199E+02
9.301599557E+00  3.063760376E+02
9.320585750E+00  3.909673767E+02
9.339571944E+00  4.749971619E+02
9.358558138E+00  5.373338623E+02
9.377544331E+00  5.720107422E+02
9.396530525E+00  5.694882812E+02
9.415516718E+00  5.382637939E+02
9.434502912E+00  4.894988403E+02
9.453489106E+00  4.496782227E+02
9.472475299E+00  4.523575439E+02
9.491461493E+00  4.956424561E+02
9.510447686E+00  5.851195679E+02
9.529433880E+00  7.058347168E+02
9.548420074E+00  8.438138428E+02
9.567406267E+00  9.815483398E+02
9.586392461E+00  1.078088989E+03
9.605378654E+00  1.131635498E+03
9.624364848E+00  1.146394287E+03
9.643351042E+00  1.136145508E+03
9.662337235E+00  1.123675781E+03
9.681323429E+00  1.080820679E+03
9.700309622E+00  1.003715454E+03
9.719295816E+00  8.853488159E+02
9.738282010E+00  7.589314575E+02
9.757268203E+00  6.463056641E+02
9.776254397E+00  5.428334351E+02
9.795240590E+00  4.509536438E+02
9.814226784E+00  3.707400513E+02
9.833212978E+00  3.040510559E+02
9.852199171E+00  2.501796722E+02
9.871185365E+00  2.064819183E+02
9.890171559E+00  1.726374207E+02
9.909157752E+00  1.433762970E+02
9.928143946E+00  1.182273788E+02
9.947130139E+00  9.599977875E+01
9.966116333E+00  7.765776825E+01
9.985102527E+00  6.172943878E+01
1.000408872E+01  4.978820038E+01
1.002307491E+01  3.902971268E+01
1.004206111E+01  3.015902138E+01
1.006104730E+01  2.337277985E+01
1.008003349E+01  1.747724915E+01
1.009901969E+01  1.355654812E+01
1.011800588E+01  9.749842644E+00
1.013699208E+01  6.904993057E+00
1.015597827E+01  4.826733589E+00
1.017496446E+01  3.052084684E+00
1.019395066E+01  2.055758238E+00
1.021293685E+01  9.408088923E-01
1.023192304E+01  3.026073575E-01
1.025090924E+01  -2.441617250E-01
1.026989543E+01  -1.062443137E+00
1.028888162E+01  -1.216516852E+00
1.030786782E+01  -1.438806653E+00
1.032685401E+01  -1.259700179E+00
1.034584020E+01  -1.310907245E+00
1.036482640E+01  -1.237003565E+00
1.038381259E+01  -1.467526555E+00
1.040279879E+01  -1.973445058E+00
1.042178498E+01  -1.922801018E+00
1.044077117E+01  -1.682878494E+00
1.045975737E+01  -1.325517297E+00
1.047874356E+01  -1.520167112E+00
1.049772975E+01  -3.864164352E-01
1.051671595E+01  1.483617783E+00
1.053570214E+01  3.616593122E+00
1.055468833E+01  5.605170727E+00
1.057367453E+01  8.339484215E+00
1.059266072E+01  1.065894222E+01
1.061164692E+01  1.229023838E+01
1.063063311E+01  1.314859962E+01
1.064961930E+01  1.367646217E+01
1.066860550E+01  1.436402893E+01
1.068759169E+01  1.569196606E+01
1.070657788E+01  1.725854492E+01
1.072556408E+01  1.989671707E+01
1.074455027E+01  2.264631081E+01
1.076353646E+01  2.661271858E+01
1.078252266E+01  3.016934204E+01
1.080150885E+01  3.396305466E+01
1.082049505E+01  3.848352814E+01
1.083948124E+01  4.354240799E+01
1.085846743E+01  4.778624725E+01
1.087745363E+01  5.265760040E+01
1.089643982E+01  5.823415375E+01
1.091542601E+01  6.265675354E+01
1.093441221E+01  6.574623108E+01
1.095339840E+01  6.951924896E+01
1.097238459E+01  7.427104187E+01
1.099137079E+01  7.763523865E+01
1.101035698E+01  8.285300446E+01
1.102934317E+01  8.737184906E+01
1.104832937E+01  9.270671844E+01
1.106731556E+01  9.764698792E+01
1.108630176E+01  1.009412918E+02
1.110528795E+01  1.048969498E+02
1.112427414E+01  1.060057907E+02
1.114326034E+01  1.056309509E+02
1.116224653E+01  1.032877350E+02
1.118123272E+01  9.887855530E+01
1.120021892E+01  9.344947815E+01
1.121920511E+01  8.869422913E+01
1.123819130E+01  8.503723907E+01
1.125717750E+01  8.274256897E+01
1.127616369E+01  8.212396240E+01
1.129514989E+01  8.162085724E+01
1.131413608E+01  8.320553589E+01
1.133312227E+01  8.402141571E+01
1.135210847E+01  8.473187256E+01
1.137109466E+01  8.427862549E+01
1.139008085E+01  8.211832428E+01
1.140906705E+01  7.938854980E+01
1.142805324E+01  7.367842865E+01
1.144703943E+01  6.545433044E+01
1.146602563E+01  5.516618347E+01
1.148501182E+01  4.528828049E+01
1.150399801E+01  3.634552002E+01
1.152298421E+01  2.895118713E+01
1.154197040E+01  2.261135674E+01
1.156095660E+01  1.774499321E+01
1.157994279E+01  1.442274666E+01
1.159892898E+01  1.174622822E+01
1.161791518E+01  9.984096527E+00
1.163690137E+01  8.464348793E+00
1.165588756E+01  7.638127327E+00
1.167487376E+01  6.044654369E+00
1.169385995E+01  4.043026924E+00
1.171284614E+01  1.771575809E+00
1.173183234E+01  -2.280256152E-02
1.175081853E+01  -2.622742355E-01
1.176980473E+01  -1.061498821E-01
1.178879092E+01  -3.494566381E-01
1.180777711E+01  -4.136430919E-01
1.182676331E+01  -4.140518010E-01
1.184574950E+01  1.423078217E-02
1.186473569E+01  -7.792107016E-02
1.188372189E+01  3.195368052E-01
1.190270808E+01  5.252904892E-01
1.192169427E+01  1.503245711E+00
1.194068047E+01  2.997720242E+00
1.195966666E+01  3.981485844E+00
1.197865285E+01  6.709218025E+00
1.199763905E+01  8.321940422E+00
1.201662524E+01  1.167606354E+01
1.203561144E+01  1.478795815E+01
1.205459763E+01  1.997719193E+01
1.207358382E+01  2.670139313E+01
1.209257002E+01  3.342123032E+01
1.211155621E+01  4.328229904E+01
1.213054240E+01  5.202399826E+01
1.214952860E+01  6.475084686E+01
1.216851479E+01  7.818933868E+01
1.218750098E+01  8.912997437E+01
1.220648718E+01  9.844018555E+01
1.222547337E+01  1.030655441E+02
1.224445957E+01  1.006746674E+02
1.226344576E+01  8.867652130E+01
1.228243195E+01  7.495594788E+01
1.230141815E+01  5.760467911E+01
1.232040434E+01  4.477448273E+01
1.233939053E+01  3.338188171E+01
1.235837673E+01  2.657704353E+01
1.237736292E+01  2.222262001E+01
1.239634911E+01  1.955652046E+01
1.241533531E+01  1.838177299E+01
1.243432150E+01  1.804974556E+01
1.245330769E+01  1.855980301E+01
1.247229389E+01  1.920026588E+01
1.249128008E+01  1.994489861E+01
1.251026628E+01  2.126478386E+01
1.252925247E+01  2.325036812E+01
1.254823866E+01  2.593558693E+01
1.256722486E+01  2.873794365E+01
1.258621105E+01  3.234152222E+01
1.260519724E+01  3.759772873E+01
1.262418344E+01  4.431026077E+01
1.264316963E+01  5.189216232E+01
1.266215582E+01  5.906603622E+01
1.268114202E+01  6.865098572E+01
1.270012821E+01  7.820849609E+01
1.271911441E+01  8.827664185E+01
1.273810060E+01  9.548651886E+01
1.275708679E+01  1.004231949E+02
1.277607299E+01  1.041538239E+02
1.279505918E+01  1.066725159E+02
1.281404537E+01  1.081456604E+02
1.283303157E+01  1.081161270E+02
1.285201776E+01  1.067541962E+02
1.287100395E+01  1.071631775E+02
1.288999015E+01  1.059004669E+02
1.290897634E+01  1.047230148E+02
1.292796253E+01  1.036990891E+02
1.294694873E+01  1.028524323E+02
1.296593492E+01  1.043301697E+02
1.298492112E+01  1.034322891E+02
1.300390731E+01  1.051652222E+02
1.302289350E+01  1.054884033E+02
1.304187970E+01  1.056033478E+02
1.306086589E+01  1.072108231E+02
1.307985208E+01  1.074469681E+02
1.309883828E+01  1.104254303E+02
1.311782447E+01  1.119283600E+02
1.313681066E+01  1.140453873E+02
1.315579686E+01  1.148559647E+02
1.317478305E+01  1.143479233E+02
1.319376925E+01  1.128804550E+02
1.321275544E+01  1.096392899E+02
1.323174163E+01  1.083391266E+02
1.325072783E+01  1.030645065E+02
1.326971402E+01  1.003627853E+02
1.328870021E+01  9.585327911E+01
1.330768641E+01  9.102028656E+01
1.332667260E+01  8.471595001E+01
1.334565879E+01  7.828460693E+01
1.336464499E+01  7.262886047E+01
1.338363118E+01  6.697753906E+01
1.340261737E+01  6.200259399E+01
1.342160357E+01  5.746350479E+01
1.344058976E+01  5.353723907E+01
1.345957596E+01  4.995156860E+01
1.347856215E+01  4.698554230E+01
1.349754834E+01  4.434365463E+01
1.351653454E+01  4.195140839E+01
1.353552073E+01  3.982027817E+01
1.355450692E+01  3.753874207E+01
1.357349312E+01  3.519905090E+01
1.359247931E+01  3.321840286E+01
1.361146550E+01  3.052202988E+01
1.363045170E+01  2.717410088E+01
1.364943789E+01  2.281381416E+01
1.366842409E+01  1.903505135E+01
1.368741028E+01  1.448717690E+01
1.370639647E+01  1.007855797E+01
1.372538267E+01  5.918961525E+00
1.374436886E+01  3.105341196E+00
1.376335505E+01  1.134885192E+00
1.378234125E+01  -6.231475472E-01
1.380132744E+01  -1.681457162E+00
1.382031363E+01  -2.337504864E+00
1.383929983E+01  -2.172780752E+00
1.385828602E+01  -1.629662156E+00
1.387727222E+01  -6.652994752E-01
1.389625841E+01  2.640547156E-01
1.391524460E+01  1.604580760E+00
1.393423080E+01  2.729595423E+00
1.395321699E+01  3.765541077E+00
1.397220318E+01  5.414174557E+00
1.399118938E+01  7.126853466E+00
1.401017557E+01  8.737425804E+00
1.402916176E+01  1.023487091E+01
1.404814796E+01  1.190153599E+01
1.406713415E+01  1.425547886E+01
1.408612034E+01  1.677649307E+01
1.410510654E+01  2.039396477E+01
1.412409273E+01  2.249628639E+01
1.414307893E+01  2.393944740E+01
1.416206512E+01  2.302938271E+01
1.418105131E+01  2.089132690E+01
1.420003751E+01  1.768591881E+01
1.421902370E+01  1.421585846E+01
1.423800989E+01  1.134581280E+01
1.425699609E+01  8.768640518E+00
1.427598228E+01  7.191573620E+00
1.429496847E+01  5.965696335E+00
1.431395467E+01  5.073518276E+00
1.433294086E+01  4.389751911E+00
1.435192706E+01  3.233281612E+00
1.437091325E+01  2.388375759E+00
1.438989944E+01  1.291574597E+00
1.440888564E+01  7.996973991E-01
1.442787183E+01  3.512337208E-01
1.444685802E+01  7.349095494E-02
1.446584422E+01  5.261376873E-02
1.448483041E+01  -1.164130941E-01
1.450381660E+01  -2.905957699E-01
1.452280280E+01  -5.096902847E-01
1.454178899E+01  -2.167840600E-01
1.456077518E+01  -2.176777273E-01
1.457976138E+01  -1.773856021E-02
1.459874757E+01  -2.218189985E-01
1.461773377E+01  6.649636477E-02
1.463671996E+01  -4.370712042E-01
1.465570615E+01  -3.233805895E-01
1.467469235E+01  -6.154364944E-01
1.469367854E+01  -5.858649015E-01
1.471266473E+01  -6.680320501E-01
1.473165093E+01  -6.516479254E-01
1.475063712E+01  -5.902229548E-01
1.476962331E+01  -5.955033898E-01
1.478860951E+01  -1.754851192E-01
1.480759570E+01  1.644649357E-01
1.482658190E+01  4.814063013E-01
1.484556809E+01  2.107569128E-01
1.486455428E+01  2.327587903E-01
1.488354048E+01  -8.327290416E-02
1.490252667E+01  -1.266014129E-01
1.492151286E+01  -1.994582713E-01
1.494049906E+01  5.905089900E-02
1.495948525E+01  1.036701798E-01
1.497847144E+01  5.493730307E-02
1.499745764E+01  -1.895720512E-02
1.501644383E+01  8.934193850E-02
1.503543002E+01  2.918444872E-01
1.505441622E+01  5.492078662E-01
1.507340241E+01  1.217477083E+00
1.509238861E+01  1.644199252E+00
1.511137480E+01  1.584118009E+00
1.513036099E+01  1.439651608E+00
1.514934719E+01  7.742901444E-01
1.516833338E+01  6.580383182E-01
1.518731957E+01  1.257611036E+00
1.520630577E+01  1.162360430E+00
1.522529196E+01  9.519338608E-01
1.524427815E+01  2.000432760E-01
1.526326435E+01  1.241388619E-01
1.528225054E+01  6.018708274E-02
1.530123674E+01  3.114567101E-01
1.532022293E+01  4.191343188E-01
1.533920912E+01  2.449058741E-01
1.535819532E+01  3.144024909E-01
1.537718151E+01  1.173574030E-01
1.539616770E+01  4.725668430E-01
1.541515390E+01  6.117537618E-01
1.543414009E+01  5.569037199E-01
1.545312628E+01  6.102721095E-01
1.547211248E+01  6.556702852E-01
1.549109867E+01  4.600417614E-01
1.551008486E+01  -1.368081421E-01
1.552907106E+01  -5.299500823E-01
1.554805725E+01  -5.534154773E-01
1.556704345E+01  -2.884602174E-03
1.558602964E+01  9.583656490E-02
1.560501583E+01  7.277387977E-01
1.562400203E+01  6.887668967E-01
1.564298822E+01  9.375512600E-01
1.566197441E+01  1.142116308E+00
1.568096061E+01  1.220287442E+00
1.569994680E+01  1.129104853E+00
1.571893299E+01  6.604337692E-01
1.573791919E+01  6.361705065E-01
1.575690538E+01  1.249887943E+00
1.577589158E+01  1.690111279E+00
1.579487777E+01  2.016127825E+00
1.581386396E+01  1.739727855E+00
1.583285016E+01  1.737132072E+00
1.585183635E+01  1.945126891E+00
1.587082254E+01  2.499095678E+00
1.588980874E+01  3.138658047E+00
1.590879493E+01  3.646298409E+00
1.592778112E+01  3.769300938E+00
1.594676732E+01  3.899085522E+00
1.596575351E+01  4.391686916E+00
1.598473970E+01  5.047672272E+00
1.600372590E+01  5.721867085E+00
1.602271209E+01  6.286059380E+00
1.604169829E+01  7.123581886E+00
1.606068448E+01  8.064521790E+00
1.607967067E+01  8.620946884E+00
1.609865687E+01  8.957806587E+00
1.611764306E+01  9.578414917E+00
1.613662925E+01  9.861875534E+00
1.615561545E+01  1.065300465E+01
1.617460164E+01  1.101304054E+01
1.619358783E+01  1.167487431E+01
1.621257403E+01  1.250597000E+01
1.623156022E+01  1.386477089E+01
1.625054642E+01  1.544164753E+01
1.626953261E+01  1.704303741E+01
1.628851880E+01  1.864254951E+01
1.630750500E+01  1.968938446E+01
1.632649119E+01  2.080465126E+01
1.634547738E+01  2.153857231E+01
1.636446358E+01  2.108301163E+01
1.638344977E+01  2.022757149E+01
1.640243596E+01  1.952557755E+01
1.642142216E+01  1.943565559E+01
1.644040835E+01  1.976181030E+01
1.645939455E+01  2.042123985E+01
1.647838074E+01  2.148787308E+01
1.649736693E+01  2.335458374E+01
1.651635313E+01  2.571803856E+01
1.653533932E+01  2.920207596E+01
1.655432551E+01  3.391862106E+01
1.657331171E+01  3.979017639E+01
1.659229790E+01  4.584593582E+01
1.661128409E+01  5.090900803E+01
1.663027029E+01  5.440679169E+01
1.664925648E+01  5.552600861E+01
1.666824267E+01  5.504166031E+01
1.668722887E+01  5.290673065E+01
1.670621506E+01  4.988790894E+01
1.672520126E+01  4.574773788E+01
1.674418745E+01  4.078493500E+01
1.676317364E+01  3.586720276E+01
1.678215984E+01  3.063579559E+01
1.680114603E+01  2.661490059E+01
1.682013222E+01  2.224713516E+01
1.683911842E+01  1.832460022E+01
1.685810461E+01  1.486368942E+01
1.687709080E+01  1.253357410E+01
1.689607700E+01  1.089528179E+01
1.691506319E+01  9.800120354E+00
1.693404939E+01  8.529882431E+00
1.695303558E+01  7.552002430E+00
1.697202177E+01  7.187073708E+00
1.699100797E+01  7.070415497E+00
1.700999416E+01  6.940770149E+00
1.702898035E+01  6.455556393E+00
1.704796655E+01  5.741499901E+00
1.706695274E+01  5.194073677E+00
1.708593893E+01  4.977045536E+00
1.710492513E+01  4.395878315E+00
1.712391132E+01  3.110546112E+00
1.714289751E+01  2.070749283E+00
1.716188371E+01  1.265626431E+00
1.718086990E+01  1.101868868E+00
1.719985610E+01  1.060904264E+00
1.721884229E+01  7.166135907E-01
1.723782848E+01  3.074450195E-01
1.725681468E+01  -2.848243117E-01
1.727580087E+01  -7.426378727E-01
1.729478706E+01  -8.627079129E-01
1.731377326E+01  -1.076507330E+00
1.733275945E+01  -8.677505851E-01
1.735174564E+01  -7.198574543E-01
1.737073184E+01  -6.493857503E-01
1.738971803E+01  -5.659562945E-01
1.740870423E+01  -2.853919864E-01
1.742769042E+01  -3.870034516E-01
1.744667661E+01  -4.492017031E-01
1.746566281E+01  -3.589329422E-01
1.748464900E+01  -1.523282286E-02
1.750363519E+01  5.479531884E-01
1.752262139E+01  7.752928734E-01
1.754160758E+01  1.025748491E+00
1.756059377E+01  1.080966711E+00
1.757957997E+01  1.666866183E+00
1.759856616E+01  2.743613243E+00
1.761755235E+01  3.872988224E+00
1.763653855E+01  4.496581554E+00
1.765552474E+01  5.273817539E+00
1.767451094E+01  5.903423309E+00
1.769349713E+01  6.962963581E+00
1.771248332E+01  7.723016739E+00
1.773146952E+01  8.209868431E+00
1.775045571E+01  8.438419342E+00
1.776944190E+01  8.900080681E+00
1.778842810E+01  9.827772141E+00
1.780741429E+01  1.092156410E+01
1.782640048E+01  1.183452988E+01
1.784538668E+01  1.287803555E+01
1.786437287E+01  1.419469452E+01
1.788335907E+01  1.610703087E+01
1.790234526E+01  1.863218117E+01
1.792133145E+01  2.156580925E+01
1.794031765E+01  2.496825600E+01
1.795930384E+01  2.982607079E+01
1.797829003E+01  3.581914520E+01
1.799727623E+01  4.257299042E+01
1.801626242E+01  5.041348648E+01
1.803524861E+01  5.947823715E+01
1.805423481E+01  7.007765961E+01
1.807322100E+01  8.135230255E+01
1.809220719E+01  9.203848267E+01
1.811119339E+01  1.024998245E+02
1.813017958E+01  1.117547073E+02
1.814916578E+01  1.187731705E+02
1.816815197E+01  1.220188904E+02
1.818713816E+01  1.201835938E+02
1.820612436E+01  1.146698914E+02
1.822511055E+01  1.052021255E+02
1.824409674E+01  9.379227448E+01
1.826308294E+01  8.140674591E+01
1.828206913E+01  7.003180695E+01
1.830105532E+01  6.021337891E+01
1.832004152E+01  5.237970352E+01
1.833902771E+01  4.608681488E+01
1.835801391E+01  4.118835449E+01
1.837700010E+01  3.720917511E+01
1.839598629E+01  3.391775894E+01
1.841497249E+01  3.167236328E+01
1.843395868E+01  2.957420158E+01
1.845294487E+01  2.741389465E+01
1.847193107E+01  2.524087143E+01
1.849091726E+01  2.277883339E+01
1.850990345E+01  2.060241699E+01
1.852888965E+01  1.810830116E+01
1.854787584E+01  1.579963493E+01
1.856686203E+01  1.346734810E+01
1.858584823E+01  1.094658947E+01
1.860483442E+01  9.262652397E+00
1.862382062E+01  8.210040092E+00
1.864280681E+01  7.482051849E+00
1.866179300E+01  6.895565987E+00
1.868077920E+01  7.080583096E+00
1.869976539E+01  7.499527931E+00
1.871875158E+01  7.527619362E+00
1.873773778E+01  7.104007244E+00
1.875672397E+01  7.170034409E+00
1.877571016E+01  7.272434235E+00
1.879469636E+01  7.468142509E+00
1.881368255E+01  8.272908211E+00
1.883266875E+01  9.217990875E+00
1.885165494E+01  1.014719105E+01
1.887064113E+01  1.043759632E+01
1.888962733E+01  1.099854183E+01
1.890861352E+01  1.163011551E+01
1.892759971E+01  1.278503036E+01
1.894658591E+01  1.368623447E+01
1.896557210E+01  1.493440819E+01
1.898455829E+01  1.601780701E+01
1.900354449E+01  1.712677574E+01
1.902253068E+01  1.837301254E+01
1.904151687E+01  1.952447891E+01
1.906050307E+01  2.098945236E+01
1.907948926E+01  2.254003906E+01
1.909847546E+01  2.414949417E+01
1.911746165E+01  2.598085785E+01
1.913644784E+01  2.786118507E+01
1.915543404E+01  2.920980072E+01
1.917442023E+01  3.011201477E+01
1.919340642E+01  3.063244057E+01
1.921239262E+01  3.052011108E+01
1.923137881E+01  2.993621445E+01
1.925036500E+01  2.856242180E+01
1.926935120E+01  2.611077881E+01
1.928833739E+01  2.313256073E+01
1.930732359E+01  2.062567520E+01
1.932630978E+01  1.806550407E+01
1.934529597E+01  1.581949139E+01
1.936428217E+01  1.336073780E+01
1.938326836E+01  1.109093761E+01
1.940225455E+01  8.586359978E+00
1.942124075E+01  6.687463284E+00
1.944022694E+01  5.275528908E+00
1.945921313E+01  3.896895170E+00
1.947819933E+01  2.600194693E+00
1.949718552E+01  1.689650178E+00
1.951617172E+01  1.449869990E+00
1.953515791E+01  1.594059467E+00
1.955414410E+01  1.593963742E+00
1.957313030E+01  1.492657781E+00
1.959211649E+01  1.743705392E+00
1.961110268E+01  3.039222956E+00
1.963008888E+01  4.556066513E+00
1.964907507E+01  6.485615730E+00
1.966806126E+01  9.135781288E+00
1.968704746E+01  1.247664165E+01
1.970603365E+01  1.646806908E+01
1.972501984E+01  2.082246208E+01
1.974400604E+01  2.615475082E+01
1.976299223E+01  3.169698524E+01
1.978197843E+01  3.803919601E+01
1.980096462E+01  4.434692001E+01
1.981995081E+01  5.096658707E+01
1.983893701E+01  5.646813965E+01
1.985792320E+01  6.116486740E+01
1.987690939E+01  6.497526550E+01
1.989589559E+01  6.764537811E+01
1.991488178E+01  7.116120911E+01
1.993386797E+01  7.171036530E+01
1.995285417E+01  7.243785095E+01
1.997184036E+01  7.016700745E+01
1.999082656E+01  6.852973938E+01
2.000981275E+01  6.389258957E+01
2.002879894E+01  5.974803925E+01
2.004778514E+01  5.505029678E+01
2.006677133E+01  5.123133087E+01
2.008575752E+01  4.631771088E+01
2.010474372E+01  4.339503098E+01
2.012372991E+01  3.994934464E+01
2.014271610E+01  3.821904755E+01
2.016170230E+01  3.548294067E+01
2.018068849E+01  3.362557602E+01
2.019967468E+01  3.101193810E+01
2.021866088E+01  2.912216759E+01
2.023764707E+01  2.722690773E+01
2.025663327E+01  2.594215393E+01
2.027561946E+01  2.487459755E+01
2.029460565E+01  2.381000900E+01
2.031359185E+01  2.328404808E+01
2.033257804E+01  2.250134468E+01
2.035156423E+01  2.237963676E+01
2.037055043E+01  2.203551674E+01
2.038953662E+01  2.168619537E+01
2.040852281E+01  2.031314278E+01
2.042750901E+01  1.887098122E+01
2.044649520E+01  1.742243385E+01
2.046548140E+01  1.661543274E+01
2.048446759E+01  1.565821075E+01
2.050345378E+01  1.488024807E+01
2.052243998E+01  1.408732128E+01
2.054142617E+01  1.341967392E+01
2.056041236E+01  1.289316845E+01
2.057939856E+01  1.246348667E+01
2.059838475E+01  1.221901608E+01
2.061737094E+01  1.172838783E+01
2.063635714E+01  1.188411808E+01
2.065534333E+01  1.145438576E+01
2.067432952E+01  1.104230976E+01
2.069331572E+01  1.074336720E+01
2.071230191E+01  1.094453526E+01
2.073128811E+01  1.139794159E+01
2.075027430E+01  1.128662872E+01
2.076926049E+01  1.110062218E+01
2.078824669E+01  1.117245197E+01
2.080723288E+01  1.137050819E+01
2.082621907E+01  1.126521111E+01
2.084520527E+01  1.151662064E+01
2.086419146E+01  1.187076378E+01
2.088317765E+01  1.177919197E+01
2.090216385E+01  1.166820812E+01
2.092115004E+01  1.194987583E+01
2.094013624E+01  1.231355095E+01
2.095912243E+01  1.264891052E+01
2.097810862E+01  1.286705494E+01
2.099709482E+01  1.292268658E+01
2.101608101E+01  1.288010120E+01
2.103506720E+01  1.287315845E+01
2.105405340E+01  1.269495201E+01
2.107303959E+01  1.282183647E+01
2.109202578E+01  1.327248001E+01
2.111101198E+01  1.361218834E+01
2.112999817E+01  1.344182777E+01
2.114898436E+01  1.303568363E+01
2.116797056E+01  1.281673527E+01
2.118695675E+01  1.263721943E+01
2.120594295E+01  1.228022957E+01
2.122492914E+01  1.182774448E+01
2.124391533E+01  1.138631439E+01
2.126290153E+01  1.070309639E+01
2.128188772E+01  1.033714581E+01
2.130087391E+01  9.416044235E+00
2.131986011E+01  8.612265587E+00
2.133884630E+01  7.718970299E+00
2.135783249E+01  7.171906471E+00
2.137681869E+01  6.466226101E+00
2.139580488E+01  5.910550117E+00
2.141479108E+01  5.222373486E+00
2.143377727E+01  4.439877033E+00
2.145276346E+01  3.835268021E+00
2.147174966E+01  3.400094032E+00
2.149073585E+01  2.850486517E+00
2.150972204E+01  2.217778921E+00
2.152870824E+01  1.903797984E+00
2.154769443E+01  1.791028500E+00
2.156668062E+01  1.550744295E+00
2.158566682E+01  1.095822811E+00
2.160465301E+01  7.395835519E-01
2.162363920E+01  3.967716098E-01
2.164262540E+01  3.452235460E-01
2.166161159E+01  1.840971559E-01
2.168059779E+01  -4.495536387E-01
2.169958398E+01  -7.478838563E-01
2.171857017E+01  -8.752580285E-01
2.173755637E+01  -6.672517061E-01
2.175654256E+01  -5.252872705E-01
2.177552875E+01  -7.091495395E-02
2.179451495E+01  3.347316980E-01
2.181350114E+01  5.544800162E-01
2.183248733E+01  1.283955455E+00
2.185147353E+01  2.330003262E+00
2.187045972E+01  3.874978542E+00
2.188944592E+01  5.888786793E+00
2.190843211E+01  8.332563400E+00
2.192741830E+01  1.103794861E+01
2.194640450E+01  1.384681797E+01
2.196539069E+01  1.725471306E+01
2.198437688E+01  2.155784988E+01
2.200336308E+01  2.607560349E+01
2.202234927E+01  2.982462883E+01
2.204133546E+01  3.226945114E+01
2.206032166E+01  3.324370575E+01
2.207930785E+01  3.232979584E+01
2.209829405E+01  2.966970444E+01
2.211728024E+01  2.554451370E+01
2.213626643E+01  2.114402962E+01
2.215525263E+01  1.681224060E+01
2.217423882E+01  1.304660511E+01
2.219322501E+01  1.009983540E+01
2.221221121E+01  8.210066795E+00
2.223119740E+01  6.752747536E+00
2.225018359E+01  5.804558277E+00
2.226916979E+01  4.779935360E+00
2.228815598E+01  3.969703197E+00
2.230714217E+01  2.856772900E+00
2.232612837E+01  1.709930778E+00
2.234511456E+01  9.297550917E-01
2.236410076E+01  3.775233030E-01
2.238308695E+01  6.555562466E-02
2.240207314E+01  -2.161069810E-01
2.242105934E+01  -2.447787523E-01
2.244004553E+01  -2.986437678E-01
2.245903172E+01  -3.538956046E-01
2.247801792E+01  -4.667744637E-01
2.249700411E+01  -2.173106968E-01
2.251599030E+01  1.197667569E-01
2.253497650E+01  5.197600722E-01
2.255396269E+01  9.851367474E-01
2.257294889E+01  1.390220404E+00
2.259193508E+01  1.441062093E+00
2.261092127E+01  1.624489665E+00
2.262990747E+01  1.764211655E+00
2.264889366E+01  1.599905968E+00
2.266787985E+01  1.392061591E+00
2.268686605E+01  1.344994307E+00
2.270585224E+01  1.149167895E+00
2.272483843E+01  7.370123267E-01
2.274382463E+01  2.187780589E-01
2.276281082E+01  2.248003148E-02
2.278179701E+01  -3.685649633E-01
2.280078321E+01  -3.190582991E-01
2.281976940E+01  -1.021536812E-01
2.283875560E+01  1.629473716E-01
2.285774179E+01  3.256415725E-01
2.287672798E+01  3.497228026E-01
2.289571418E+01  3.399406672E-01
2.291470037E+01  4.328323305E-01
2.293368656E+01  4.605120122E-01
2.295267276E+01  2.972542346E-01
2.297165895E+01  6.808111211E-04
2.299064514E+01  -9.768609703E-02
2.300963134E+01  2.113614529E-01
2.302861753E+01  3.783481121E-01
2.304760373E+01  2.422658950E-01
2.306658992E+01  -5.566201732E-02
2.308557611E+01  -1.332802922E-01
2.310456231E+01  -7.725690305E-02
2.312354850E+01  4.216516763E-02
2.314253469E+01  1.782626659E-01
2.316152089E+01  4.318624362E-02
2.318050708E+01  2.468292043E-02
2.319949327E+01  -5.030154437E-02
2.321847947E+01  1.469305605E-01
2.323746566E+01  1.561334133E-01
2.325645185E+01  2.403460294E-01
2.327543805E+01  2.684490979E-01
2.329442424E+01  2.949002385E-01
2.331341044E+01  3.965525329E-01
2.333239663E+01  1.947248876E-01
2.335138282E+01  1.063084304E-01
2.337036902E+01  -5.185305607E-03
2.338935521E+01  3.117659390E-01
2.340834140E+01  3.415792584E-01
2.342732760E+01  1.961624175E-01
2.344631379E+01  2.633539736E-01
2.346529998E+01  5.140706301E-01
2.348428618E+01  6.769903898E-01
2.350327237E+01  5.432627201E-01
2.352225857E+01  3.207575977E-01
2.354124476E+01  3.729961812E-02
2.356023095E+01  1.009205282E-01
2.357921715E+01  1.974698454E-01
2.359820334E+01  3.901405334E-01
2.361718953E+01  4.674205780E-01
2.363617573E+01  3.012670577E-01
2.365516192E+01  -1.794884726E-02
2.367414811E+01  -1.704976112E-01
2.369313431E+01  1.080727428E-01
2.371212050E+01  2.597679794E-01
2.373110669E+01  2.278144062E-01
2.375009289E+01  -5.325203016E-02
2.376907908E+01  -1.029615104E-02
2.378806528E+01  2.156729698E-01
2.380705147E+01  3.214730322E-01
2.382603766E+01  2.516587079E-01
2.384502386E+01  4.091062546E-01
2.386401005E+01  5.932012200E-01
2.388299624E+01  4.751442075E-01
2.390198244E+01  2.570751607E-01
2.392096863E+01  1.163858250E-01
2.393995482E+01  2.580032647E-01
2.395894102E+01  1.866837740E-01
2.397792721E+01  1.850749403E-01
2.399691341E+01  -5.877757818E-02
2.401589960E+01  -2.889213562E-01
2.403488579E+01  -2.373815328E-01
2.405387199E+01  6.050039828E-02
2.407285818E+01  2.918301523E-01
2.409184437E+01  3.390167058E-01
2.411083057E+01  3.032270968E-01
2.412981676E+01  -2.292764559E-02
2.414880295E+01  -3.017826080E-01
2.416778915E+01  -3.461052477E-01
2.418677534E+01  -1.107219756E-01
2.420576153E+01  2.030316591E-01
2.422474773E+01  2.682361901E-01
2.424373392E+01  -1.614099592E-01
