2.827307538E+00  4.883694053E-01
2.846293732E+00  7.264295220E-01
2.865279926E+00  7.208303809E-01
2.884266119E+00  4.346567988E-01
2.903252313E+00  4.088011086E-01
2.922238506E+00  -1.328034252E-01
2.941224700E+00  3.131770296E-03
2.960210894E+00  3.462219536E-01
2.979197087E+00  9.091158509E-01
2.998183281E+00  9.205804467E-01
3.017169474E+00  1.434405297E-01
3.036155668E+00  -1.085051820E-01
3.055141862E+00  3.448363841E-01
3.074128055E+00  8.914867640E-01
3.093114249E+00  1.176618457E+00
3.112100442E+00  1.517710567E+00
3.131086636E+00  1.724738240E+00
3.150072830E+00  1.503073215E+00
3.169059023E+00  1.754438519E+00
3.188045217E+00  1.222293139E+00
3.207031410E+00  1.586315513E+00
3.226017604E+00  1.763955712E+00
3.245003798E+00  1.988513708E+00
3.263989991E+00  2.458037615E+00
3.282976185E+00  3.006632090E+00
3.301962378E+00  3.792149782E+00
3.320948572E+00  3.913953066E+00
3.339934766E+00  3.810621977E+00
3.358920959E+00  3.718924284E+00
3.377907153E+00  4.406619549E+00
3.396893346E+00  5.236188412E+00
3.415879540E+00  6.745187759E+00
3.434865734E+00  8.520698547E+00
3.453851927E+00  1.070394230E+01
3.472838121E+00  1.390609074E+01
3.491824314E+00  1.809768677E+01
3.510810508E+00  2.263020325E+01
3.529796702E+00  2.572696304E+01
3.548782895E+00  2.523866844E+01
3.567769089E+00  2.205370140E+01
3.586755282E+00  1.719983292E+01
3.605741476E+00  1.251286888E+01
3.624727670E+00  8.624545097E+00
3.643713863E+00  6.033632278E+00
3.662700057E+00  4.508644581E+00
3.681686250E+00  3.541844368E+00
3.700672444E+00  2.868434906E+00
3.719658638E+00  2.346466303E+00
3.738644831E+00  2.421374559E+00
3.757631025E+00  2.315305710E+00
3.776617218E+00  2.278448105E+00
3.795603412E+00  2.065007210E+00
3.814589606E+00  1.566692829E+00
3.833575799E+00  9.659831524E-01
3.852561993E+00  9.184330106E-01
3.871548186E+00  9.748053551E-01
3.890534380E+00  1.238158941E+00
3.909520574E+00  1.144059181E+00
3.928506767E+00  5.475960970E-01
3.947492961E+00  2.587479949E-01
3.966479154E+00  4.645226002E-01
3.985465348E+00  8.308267593E-01
4.004451542E+00  7.160568237E-01
4.023437735E+00  6.105144620E-01
4.042423929E+00  3.240602463E-02
4.061410122E+00  -4.718552157E-02
4.080396316E+00  6.804899573E-01
4.099382510E+00  1.653481841E+00
4.118368703E+00  1.806832433E+00
4.137354897E+00  1.448049784E+00
4.156341091E+00  1.302165031E+00
4.175327284E+00  8.528690338E-01
4.194313478E+00  6.460821629E-01
4.213299671E+00  6.657277346E-01
4.232285865E+00  9.770088196E-01
4.251272059E+00  1.095744371E+00
4.270258252E+00  1.245341897E+00
4.289244446E+00  1.539202213E+00
4.308230639E+00  1.176661253E+00
4.327216833E+00  8.015019894E-01
4.346203027E+00  4.958146811E-01
4.365189220E+00  3.542121053E-01
4.384175414E+00  7.686273754E-02
4.403161607E+00  1.874649674E-01
4.422147801E+00  3.466070294E-01
4.441133995E+00  9.234755635E-01
4.460120188E+00  8.861241341E-01
4.479106382E+00  5.352921039E-02
4.498092575E+00  7.330879569E-03
4.517078769E+00  1.735420525E-01
4.536064963E+00  4.822306633E-01
4.555051156E+00  7.425951362E-01
4.574037350E+00  8.955116272E-01
4.593023543E+00  9.462105036E-01
4.612009737E+00  1.157755494E+00
4.630995931E+00  1.237059832E+00
4.649982124E+00  6.332363486E-01
4.668968318E+00  7.164695766E-03
4.687954511E+00  -1.967396289E-01
4.706940705E+00  3.321211636E-01
4.725926899E+00  1.289847851E+00
4.744913092E+00  1.574344516E+00
4.763899286E+00  2.054925680E+00
4.782885479E+00  1.639482260E+00
4.801871673E+00  1.421831608E+00
4.820857867E+00  9.354650378E-01
4.839844060E+00  9.595863223E-01
4.858830254E+00  9.823443890E-01
4.877816447E+00  9.499999881E-01
4.896802641E+00  1.012932897E+00
4.915788835E+00  4.291802943E-01
4.934775028E+00  5.433231592E-01
4.953761222E+00  1.865908951E-01
4.972747415E+00  -1.330399960E-01
4.991733609E+00  -6.864009798E-02
5.010719803E+00  -7.509912550E-02
5.029705996E+00  1.441641301E-01
5.048692190E+00  3.785915300E-02
5.067678383E+00  4.441216290E-01
5.086664577E+00  9.399950504E-01
5.105650771E+00  8.264423609E-01
5.124636964E+00  3.482984304E-01
5.143623158E+00  -1.081914380E-01
5.162609351E+00  4.426362514E-01
5.181595545E+00  6.290923357E-01
5.200581739E+00  5.498046279E-01
5.219567932E+00  2.074828446E-01
5.238554126E+00  4.297305346E-01
5.257540319E+00  9.605421424E-01
5.276526513E+00  1.285016537E+00
5.295512707E+00  1.341797471E+00
5.314498900E+00  1.006693006E+00
5.333485094E+00  5.903951526E-01
5.352471287E+00  6.879909635E-01
5.371457481E+00  4.106452167E-01
5.390443675E+00  7.078900337E-01
5.409429868E+00  7.212098837E-01
5.428416062E+00  5.722116232E-01
5.447402255E+00  1.899182200E-01
5.466388449E+00  7.151771337E-02
5.485374643E+00  5.470332503E-01
5.504360836E+00  8.331617117E-01
5.523347030E+00  9.050740600E-01
5.542333223E+00  7.803850174E-01
5.561319417E+00  3.710086942E-01
5.580305611E+00  6.699188799E-02
5.599291804E+00  -5.664786100E-01
5.618277998E+00  1.352251619E-01
5.637264192E+00  2.985520065E-01
5.656250385E+00  9.560601711E-01
5.675236579E+00  9.507417083E-01
5.694222772E+00  6.354821324E-01
5.713208966E+00  8.806546926E-01
5.732195160E+00  1.055805326E+00
5.751181353E+00  1.358748436E+00
5.770167547E+00  1.495538831E+00
5.789153740E+00  1.009231448E+00
5.808139934E+00  8.075847626E-01
5.827126128E+00  8.081805706E-01
5.846112321E+00  8.233818412E-01
5.865098515E+00  5.721820593E-01
5.884084708E+00  6.612325311E-01
5.903070902E+00  8.713507652E-01
5.922057096E+00  9.382458329E-01
5.941043289E+00  6.156390905E-01
5.960029483E+00  8.036775589E-01
5.979015676E+00  9.826912284E-01
5.998001870E+00  1.665567160E+00
6.016988064E+00  1.890239477E+00
6.035974257E+00  2.317541361E+00
6.054960451E+00  2.066638231E+00
6.073946644E+00  1.844299197E+00
6.092932838E+00  1.602077603E+00
6.111919032E+00  1.292888880E+00
6.130905225E+00  1.044579864E+00
6.149891419E+00  6.225318313E-01
6.168877612E+00  7.019715309E-01
6.187863806E+00  3.386715800E-02
6.206850000E+00  -6.529382896E-03
6.225836193E+00  -1.417552829E-01
6.244822387E+00  1.496642977E-01
6.263808580E+00  6.754694879E-02
6.282794774E+00  4.955812395E-01
6.301780968E+00  7.261546254E-01
6.320767161E+00  1.205093741E+00
6.339753355E+00  1.953575134E+00
6.358739548E+00  2.877302885E+00
6.377725742E+00  3.992831707E+00
6.396711936E+00  5.972463131E+00
6.415698129E+00  8.011313438E+00
6.434684323E+00  1.001959610E+01
6.453670516E+00  1.067018127E+01
6.472656710E+00  1.033537197E+01
6.491642904E+00  8.140660286E+00
6.510629097E+00  6.413397312E+00
6.529615291E+00  4.808834553E+00
6.548601484E+00  3.779544115E+00
6.567587678E+00  3.182749748E+00
6.586573872E+00  2.841666698E+00
6.605560065E+00  2.625853300E+00
6.624546259E+00  2.717979193E+00
6.643532452E+00  2.618430853E+00
6.662518646E+00  3.274277210E+00
6.681504840E+00  4.266766071E+00
6.700491033E+00  5.604625702E+00
6.719477227E+00  6.762315273E+00
6.738463420E+00  7.984616280E+00
6.757449614E+00  1.021088314E+01
6.776435808E+00  1.274517822E+01
6.795422001E+00  1.551921558E+01
6.814408195E+00  1.814418030E+01
6.833394388E+00  2.129395103E+01
6.852380582E+00  2.345340919E+01
6.871366776E+00  2.532308769E+01
6.890352969E+00  2.683085823E+01
6.909339163E+00  3.019496536E+01
6.928325356E+00  3.508152771E+01
6.947311550E+00  4.322996902E+01
6.966297744E+00  5.369023514E+01
6.985283937E+00  6.878772736E+01
7.004270131E+00  8.812932587E+01
7.023256325E+00  1.108390274E+02
7.042242518E+00  1.325445099E+02
7.061228712E+00  1.511230316E+02
7.080214905E+00  1.603221741E+02
7.099201099E+00  1.583718567E+02
7.118187293E+00  1.481928864E+02
7.137173486E+00  1.300655212E+02
7.156159680E+00  1.100276337E+02
7.175145873E+00  8.912281799E+01
7.194132067E+00  6.954164124E+01
7.213118261E+00  5.360527420E+01
7.232104454E+00  4.021115494E+01
7.251090648E+00  3.081978035E+01
7.270076841E+00  2.303369331E+01
7.289063035E+00  1.770119286E+01
7.308049229E+00  1.356731796E+01
7.327035422E+00  1.099874401E+01
7.346021616E+00  9.141002655E+00
7.365007809E+00  8.417189598E+00
7.383994003E+00  7.233242512E+00
7.402980197E+00  6.452832699E+00
7.421966390E+00  5.112027645E+00
7.440952584E+00  4.668471336E+00
7.459938777E+00  4.207443237E+00
7.478924971E+00  3.560283661E+00
7.497911165E+00  2.675385714E+00
7.516897358E+00  1.693513393E+00
7.535883552E+00  1.684162736E+00
7.554869745E+00  1.379099369E+00
7.573855939E+00  1.338695765E+00
7.592842133E+00  8.220029473E-01
7.611828326E+00  8.505018950E-01
7.630814520E+00  7.167244554E-01
7.649800713E+00  1.285155535E+00
7.668786907E+00  1.167631507E+00
7.687773101E+00  1.026026845E+00
7.706759294E+00  7.999430299E-01
7.725745488E+00  9.063062668E-01
7.744731681E+00  7.015829682E-01
7.763717875E+00  7.454021573E-01
7.782704069E+00  1.651297659E-01
7.801690262E+00  -1.088456288E-01
7.820676456E+00  -5.852743983E-01
7.839662649E+00  -9.023995697E-02
7.858648843E+00  4.771597385E-01
7.877635037E+00  9.346171021E-01
7.896621230E+00  1.027547002E+00
7.915607424E+00  7.384532690E-01
7.934593617E+00  3.862735033E-01
7.953579811E+00  3.396607935E-01
7.972566005E+00  2.981070280E-01
7.991552198E+00  6.708896160E-01
8.010538392E+00  7.947337627E-01
8.029524585E+00  8.973548412E-01
8.048510779E+00  9.922299385E-01
8.067496973E+00  1.166375041E+00
8.086483166E+00  1.002903581E+00
8.105469360E+00  8.091279864E-01
8.124455553E+00  2.888136804E-01
8.143441747E+00  1.833369732E-01
8.162427941E+00  1.545120329E-01
8.181414134E+00  -8.952425420E-02
8.200400328E+00  6.423572544E-03
8.219386521E+00  1.272187680E-01
8.238372715E+00  4.698556662E-01
8.257358909E+00  5.665974617E-01
8.276345102E+00  2.027954906E-01
8.295331296E+00  3.376081288E-01
8.314317489E+00  5.198071599E-01
8.333303683E+00  5.994526744E-01
8.352289877E+00  3.640370071E-01
8.371276070E+00  2.060785294E-01
8.390262264E+00  3.764692843E-01
8.409248457E+00  1.825563014E-01
8.428234651E+00  2.551014125E-01
8.447220845E+00  5.260413885E-01
8.466207038E+00  1.018290639E+00
8.485193232E+00  9.437566996E-01
8.504179426E+00  9.890838861E-01
8.523165619E+00  1.016742706E+00
8.542151813E+00  1.116398454E+00
8.561138006E+00  8.953710198E-01
8.580124200E+00  6.791124940E-01
8.599110394E+00  3.740390241E-01
8.618096587E+00  5.911038518E-01
8.637082781E+00  6.658548713E-01
8.656068974E+00  3.245334923E-01
8.675055168E+00  -4.490365684E-01
8.694041362E+00  -8.698487282E-01
8.713027555E+00  -8.308187723E-01
8.732013749E+00  -3.320099413E-01
8.750999942E+00  5.147623643E-02
8.769986136E+00  -5.484533310E-01
8.788972330E+00  -8.227875829E-01
8.807958523E+00  -1.296776891E+00
8.826944717E+00  -6.209783554E-01
8.845930910E+00  -3.074148297E-01
8.864917104E+00  -1.688153744E-01
8.883903298E+00  1.878618449E-02
8.902889491E+00  1.727000438E-02
8.921875685E+00  -6.696251780E-02
8.940861878E+00  3.318147659E-01
8.959848072E+00  5.804604888E-01
8.978834266E+00  9.241089225E-01
8.997820459E+00  1.225406766E+00
9.016806653E+00  1.664533734E+00
9.035792846E+00  2.790693521E+00
9.054779040E+00  4.063823700E+00
9.073765234E+00  5.264773369E+00
9.092751427E+00  6.554239750E+00
9.111737621E+00  8.160134315E+00
9.130723814E+00  1.073130512E+01
9.149710008E+00  1.356121635E+01
9.168696202E+00  1.754296112E+01
9.187682395E+00  2.438327408E+01
9.206668589E+00  3.484060287E+01
9.225654782E+00  5.147742081E+01
9.244640976E+00  7.870886230E+01
9.263627170E+00  1.302597809E+02
9.282613363E+00  2.081172028E+02
9.301599557E+00  3.197592468E+02
9.320585750E+00  4.495412598E+02
9.339571944E+00  5.482836304E+02
9.358558138E+00  6.061513062E+02
9.377544331E+00  6.172883911E+02
9.396530525E+00  6.005924072E+02
9.415516718E+00  5.645867310E+02
9.434502912E+00  5.189199219E+02
9.453489106E+00  4.754575500E+02
9.472475299E+00  4.425154114E+02
9.491461493E+00  4.192653503E+02
9.510447686E+00  4.265419006E+02
9.529433880E+00  4.669143677E+02
9.548420074E+00  5.328809204E+02
9.567406267E+00  6.286757202E+02
9.586392461E+00  7.270296631E+02
9.605378654E+00  8.253682251E+02
9.624364848E+00  9.006890259E+02
9.643351042E+00  9.545574341E+02
9.662337235E+00  9.714552002E+02
9.681323429E+00  9.663028564E+02
9.700309622E+00  9.328863525E+02
9.719295816E+00  8.885517578E+02
9.738282010E+00  8.168187256E+02
9.757268203E+00  7.389477539E+02
9.776254397E+00  6.478953247E+02
9.795240590E+00  5.681713867E+02
9.814226784E+00  4.938088074E+02
9.833212978E+00  4.262285461E+02
9.852199171E+00  3.658882141E+02
9.871185365E+00  3.117952881E+02
9.890171559E+00  2.665712891E+02
9.909157752E+00  2.268857727E+02
9.928143946E+00  1.928823547E+02
9.947130139E+00  1.621876068E+02
9.966116333E+00  1.361238708E+02
9.985102527E+00  1.114897995E+02
1.000408872E+01  9.086190796E+01
1.002307491E+01  7.190446472E+01
1.004206111E+01  5.722822189E+01
1.006104730E+01  4.525741196E+01
1.008003349E+01  3.584857559E+01
1.009901969E+01  2.888179588E+01
1.011800588E+01  2.284399223E+01
1.013699208E+01  1.787600327E+01
1.015597827E+01  1.319585228E+01
1.017496446E+01  9.246659279E+00
1.019395066E+01  7.031468868E+00
1.021293685E+01  5.221258640E+00
1.023192304E+01  3.894085169E+00
1.025090924E+01  2.424732447E+00
1.026989543E+01  9.778546095E-01
1.028888162E+01  -7.730519772E-02
1.030786782E+01  -1.812371969E+00
1.032685401E+01  -2.470809937E+00
1.034584020E+01  -2.733607292E+00
1.036482640E+01  -2.724921703E+00
1.038381259E+01  -2.039165258E+00
1.040279879E+01  -1.707924724E+00
1.042178498E+01  -1.222508475E-01
1.044077117E+01  7.110518217E-01
1.045975737E+01  1.419467092E+00
1.047874356E+01  1.567527056E+00
1.049772975E+01  2.150062799E+00
1.051671595E+01  2.296818495E+00
1.053570214E+01  2.437620878E+00
1.055468833E+01  2.503254414E+00
1.057367453E+01  2.539711237E+00
1.059266072E+01  3.897437096E+00
1.061164692E+01  4.907119751E+00
1.063063311E+01  5.850062370E+00
1.064961930E+01  6.697583675E+00
1.066860550E+01  7.803438663E+00
1.068759169E+01  9.198484421E+00
1.070657788E+01  1.060934830E+01
1.072556408E+01  1.233472824E+01
1.074455027E+01  1.385965824E+01
1.076353646E+01  1.604269218E+01
1.078252266E+01  1.896847534E+01
1.080150885E+01  2.236932755E+01
1.082049505E+01  2.622146225E+01
1.083948124E+01  2.996389961E+01
1.085846743E+01  3.429932785E+01
1.087745363E+01  3.896871567E+01
1.089643982E+01  4.340061188E+01
1.091542601E+01  4.842843246E+01
1.093441221E+01  5.280475616E+01
1.095339840E+01  5.684297943E+01
1.097238459E+01  6.170410538E+01
1.099137079E+01  6.609554291E+01
1.101035698E+01  7.197056580E+01
1.102934317E+01  7.599655151E+01
1.104832937E+01  8.063982391E+01
1.106731556E+01  8.634630585E+01
1.108630176E+01  9.125901031E+01
1.110528795E+01  9.704113770E+01
1.112427414E+01  9.903563690E+01
1.114326034E+01  1.000030518E+02
1.116224653E+01  9.873274994E+01
1.118123272E+01  9.583373260E+01
1.120021892E+01  9.276805878E+01
1.121920511E+01  8.900583649E+01
1.123819130E+01  8.576992798E+01
1.125717750E+01  8.166155243E+01
1.127616369E+01  7.866817474E+01
1.129514989E+01  7.404833984E+01
1.131413608E+01  7.069421387E+01
1.133312227E+01  6.570412445E+01
1.135210847E+01  6.162144470E+01
1.137109466E+01  5.688562012E+01
1.139008085E+01  5.276313019E+01
1.140906705E+01  4.895248795E+01
1.142805324E+01  4.526376724E+01
1.144703943E+01  4.145062637E+01
1.146602563E+01  3.721471024E+01
1.148501182E+01  3.176045227E+01
1.150399801E+01  2.714022827E+01
1.152298421E+01  2.343509483E+01
1.154197040E+01  2.003102303E+01
1.156095660E+01  1.726323509E+01
1.157994279E+01  1.396348858E+01
1.159892898E+01  1.175423622E+01
1.161791518E+01  9.228075027E+00
1.163690137E+01  7.459178448E+00
1.165588756E+01  6.671475887E+00
1.167487376E+01  5.900245667E+00
1.169385995E+01  4.707805634E+00
1.171284614E+01  3.226151943E+00
1.173183234E+01  1.703761935E+00
1.175081853E+01  6.002038121E-01
1.176980473E+01  -2.144726962E-01
1.178879092E+01  -7.739729881E-01
1.180777711E+01  -1.124031067E+00
1.182676331E+01  -1.383579612E+00
1.184574950E+01  -9.847695231E-01
1.186473569E+01  -8.476817608E-01
1.188372189E+01  -2.302266955E-01
1.190270808E+01  -7.992022485E-02
1.192169427E+01  9.098407030E-01
1.194068047E+01  2.318209171E+00
1.195966666E+01  4.235686779E+00
1.197865285E+01  8.162878036E+00
1.199763905E+01  1.264581776E+01
1.201662524E+01  2.246113205E+01
1.203561144E+01  3.339283371E+01
1.205459763E+01  5.600909805E+01
1.207358382E+01  8.430821228E+01
1.209257002E+01  1.244614410E+02
1.211155621E+01  1.745994873E+02
1.213054240E+01  2.240704193E+02
1.214952860E+01  2.972913208E+02
1.216851479E+01  3.433912964E+02
1.218750098E+01  3.964015198E+02
1.220648718E+01  4.205212708E+02
1.222547337E+01  4.321488037E+02
1.224445957E+01  4.147078552E+02
1.226344576E+01  3.827645264E+02
1.228243195E+01  3.366305237E+02
1.230141815E+01  2.788886719E+02
1.232040434E+01  2.450548096E+02
1.233939053E+01  1.992324982E+02
1.235837673E+01  1.711084747E+02
1.237736292E+01  1.416821289E+02
1.239634911E+01  1.188454819E+02
1.241533531E+01  9.841905975E+01
1.243432150E+01  8.295906067E+01
1.245330769E+01  7.139529419E+01
1.247229389E+01  6.243049622E+01
1.249128008E+01  5.529308701E+01
1.251026628E+01  5.047228241E+01
1.252925247E+01  4.722789764E+01
1.254823866E+01  4.557198334E+01
1.256722486E+01  4.495790482E+01
1.258621105E+01  4.440935898E+01
1.260519724E+01  4.525025940E+01
1.262418344E+01  4.614822006E+01
1.264316963E+01  4.882638931E+01
1.266215582E+01  5.011701202E+01
1.268114202E+01  5.298157883E+01
1.270012821E+01  5.535568619E+01
1.271911441E+01  5.765000153E+01
1.273810060E+01  6.158808899E+01
1.275708679E+01  6.458069611E+01
1.277607299E+01  6.855224609E+01
1.279505918E+01  7.232410431E+01
1.281404537E+01  7.538507843E+01
1.283303157E+01  8.027295685E+01
1.285201776E+01  8.370360565E+01
1.287100395E+01  8.888868713E+01
1.288999015E+01  9.262742615E+01
1.290897634E+01  9.607919312E+01
1.292796253E+01  9.977408600E+01
1.294694873E+01  1.010765991E+02
1.296593492E+01  1.031726761E+02
1.298492112E+01  1.023806381E+02
1.300390731E+01  1.029691391E+02
1.302289350E+01  1.026887894E+02
1.304187970E+01  1.019322739E+02
1.306086589E+01  1.011074295E+02
1.307985208E+01  9.973463440E+01
1.309883828E+01  9.895962524E+01
1.311782447E+01  9.798621368E+01
1.313681066E+01  9.772607422E+01
1.315579686E+01  9.703246307E+01
1.317478305E+01  9.492362213E+01
1.319376925E+01  9.270808411E+01
1.321275544E+01  8.990585327E+01
1.323174163E+01  8.898694611E+01
1.325072783E+01  8.578615570E+01
1.326971402E+01  8.437512207E+01
1.328870021E+01  8.074481201E+01
1.330768641E+01  7.917794037E+01
1.332667260E+01  7.608086395E+01
1.334565879E+01  7.399110413E+01
1.336464499E+01  7.124796295E+01
1.338363118E+01  6.757866669E+01
1.340261737E+01  6.442771912E+01
1.342160357E+01  6.072097778E+01
1.344058976E+01  5.769317627E+01
1.345957596E+01  5.319793701E+01
1.347856215E+01  4.969047165E+01
1.349754834E+01  4.465420151E+01
1.351653454E+01  4.050608444E+01
1.353552073E+01  3.624068832E+01
1.355450692E+01  3.232543182E+01
1.357349312E+01  2.892616653E+01
1.359247931E+01  2.539959526E+01
1.361146550E+01  2.216397476E+01
1.363045170E+01  1.869783211E+01
1.364943789E+01  1.557083797E+01
1.366842409E+01  1.337666702E+01
1.368741028E+01  1.026583195E+01
1.370639647E+01  6.991917133E+00
1.372538267E+01  3.398985863E+00
1.374436886E+01  1.505872726E+00
1.376335505E+01  -1.240248159E-01
1.378234125E+01  -1.506464839E+00
1.380132744E+01  -2.326221943E+00
1.382031363E+01  -2.629899740E+00
1.383929983E+01  -2.321170330E+00
1.385828602E+01  -2.076853991E+00
1.387727222E+01  -1.153042316E+00
1.389625841E+01  -6.745431423E-01
1.391524460E+01  2.361806929E-01
1.393423080E+01  1.348826408E+00
1.395321699E+01  3.173317909E+00
1.397220318E+01  4.745251656E+00
1.399118938E+01  6.421274185E+00
1.401017557E+01  7.966255188E+00
1.402916176E+01  9.629382133E+00
1.404814796E+01  1.129114723E+01
1.406713415E+01  1.247778225E+01
1.408612034E+01  1.368610287E+01
1.410510654E+01  1.502051449E+01
1.412409273E+01  1.595339108E+01
1.414307893E+01  1.656678772E+01
1.416206512E+01  1.620901299E+01
1.418105131E+01  1.593810749E+01
1.420003751E+01  1.530198383E+01
1.421902370E+01  1.457855320E+01
1.423800989E+01  1.378725815E+01
1.425699609E+01  1.248622894E+01
1.427598228E+01  1.097490215E+01
1.429496847E+01  9.486052513E+00
1.431395467E+01  8.570226669E+00
1.433294086E+01  7.141823292E+00
1.435192706E+01  5.805844784E+00
1.437091325E+01  4.439826488E+00
1.438989944E+01  3.559754372E+00
1.440888564E+01  2.904404402E+00
1.442787183E+01  2.387963295E+00
1.444685802E+01  2.086907387E+00
1.446584422E+01  1.496152282E+00
1.448483041E+01  9.295827746E-01
1.450381660E+01  4.925715923E-01
1.452280280E+01  4.133097529E-01
1.454178899E+01  6.134663522E-02
1.456077518E+01  -1.513016075E-01
1.457976138E+01  -2.027230114E-01
1.459874757E+01  -3.089488149E-01
1.461773377E+01  -3.949155807E-01
1.463671996E+01  -1.028531909E+00
1.465570615E+01  -1.312630773E+00
1.467469235E+01  -1.104482532E+00
1.469367854E+01  -7.270226479E-01
1.471266473E+01  -2.747902572E-01
1.473165093E+01  8.084943146E-02
1.475063712E+01  -2.640995681E-01
1.476962331E+01  -6.245697141E-01
1.478860951E+01  -8.483147621E-01
1.480759570E+01  -7.301104665E-01
1.482658190E+01  -9.866853356E-01
1.484556809E+01  -7.320021391E-01
1.486455428E+01  -1.032624277E-03
1.488354048E+01  5.062842369E-01
1.490252667E+01  4.228588045E-01
1.492151286E+01  2.753320336E-01
1.494049906E+01  4.512678385E-01
1.495948525E+01  4.902130663E-01
1.497847144E+01  2.833733894E-02
1.499745764E+01  -1.258846372E-02
1.501644383E+01  1.257861853E-01
1.503543002E+01  4.502756894E-02
1.505441622E+01  -3.191595897E-02
1.507340241E+01  1.758386642E-01
1.509238861E+01  8.122074008E-01
1.511137480E+01  1.077680230E+00
1.513036099E+01  9.132649302E-01
1.514934719E+01  9.669620395E-01
1.516833338E+01  9.614092708E-01
1.518731957E+01  1.017107487E+00
1.520630577E+01  9.367371202E-01
1.522529196E+01  1.348467469E+00
1.524427815E+01  1.425606489E+00
1.526326435E+01  1.473392963E+00
1.528225054E+01  1.331308246E+00
1.530123674E+01  1.407607555E+00
1.532022293E+01  9.577009082E-01
1.533920912E+01  7.757878900E-01
1.535819532E+01  4.389839768E-01
1.537718151E+01  6.291583776E-01
1.539616770E+01  6.020665169E-01
1.541515390E+01  3.796873093E-01
1.543414009E+01  4.950663447E-01
1.545312628E+01  5.094371438E-01
1.547211248E+01  4.941402972E-01
1.549109867E+01  -3.930643573E-02
1.551008486E+01  -2.853559554E-01
1.552907106E+01  -3.117278218E-01
1.554805725E+01  1.579390913E-01
1.556704345E+01  6.062858105E-01
1.558602964E+01  4.338892102E-01
1.560501583E+01  2.747696042E-01
1.562400203E+01  1.065145507E-01
1.564298822E+01  1.791593283E-01
1.566197441E+01  -8.352085948E-02
1.568096061E+01  -1.995489597E-01
1.569994680E+01  5.043925717E-02
1.571893299E+01  2.638216019E-01
1.573791919E+01  3.729804978E-02
1.575690538E+01  2.472418547E-01
1.577589158E+01  4.747951627E-01
1.579487777E+01  9.795334935E-01
1.581386396E+01  1.165058136E+00
1.583285016E+01  1.225237012E+00
1.585183635E+01  1.387522340E+00
1.587082254E+01  1.822313905E+00
1.588980874E+01  1.943069220E+00
1.590879493E+01  1.779213309E+00
1.592778112E+01  2.037281036E+00
1.594676732E+01  2.607356071E+00
1.596575351E+01  2.883550882E+00
1.598473970E+01  2.771834850E+00
1.600372590E+01  2.825926781E+00
1.602271209E+01  3.325436831E+00
1.604169829E+01  4.071105480E+00
1.606068448E+01  4.811241150E+00
1.607967067E+01  5.595357418E+00
1.609865687E+01  6.534864902E+00
1.611764306E+01  7.230334759E+00
1.613662925E+01  7.928935528E+00
1.615561545E+01  8.305877686E+00
1.617460164E+01  8.778533936E+00
1.619358783E+01  9.563392639E+00
1.621257403E+01  1.094696426E+01
1.623156022E+01  1.220469093E+01
1.625054642E+01  1.280057716E+01
1.626953261E+01  1.363628769E+01
1.628851880E+01  1.443425751E+01
1.630750500E+01  1.532938671E+01
1.632649119E+01  1.597508144E+01
1.634547738E+01  1.706281471E+01
1.636446358E+01  1.809159660E+01
1.638344977E+01  1.919096184E+01
1.640243596E+01  1.984511566E+01
1.642142216E+01  2.080535316E+01
1.644040835E+01  2.198285103E+01
1.645939455E+01  2.366050339E+01
1.647838074E+01  2.519950676E+01
1.649736693E+01  2.637748528E+01
1.651635313E+01  2.738475609E+01
1.653533932E+01  2.902655602E+01
1.655432551E+01  3.189382172E+01
1.657331171E+01  3.472880173E+01
1.659229790E+01  3.844998169E+01
1.661128409E+01  4.335588074E+01
1.663027029E+01  4.712145996E+01
1.664925648E+01  5.184968567E+01
1.666824267E+01  5.463684082E+01
1.668722887E+01  5.755757141E+01
1.670621506E+01  5.944833374E+01
1.672520126E+01  6.017861557E+01
1.674418745E+01  5.998086166E+01
1.676317364E+01  5.864769363E+01
1.678215984E+01  5.686232758E+01
1.680114603E+01  5.273802567E+01
1.682013222E+01  4.811895370E+01
1.683911842E+01  4.216249084E+01
1.685810461E+01  3.577689743E+01
1.687709080E+01  2.985144997E+01
1.689607700E+01  2.423756409E+01
1.691506319E+01  1.948810577E+01
1.693404939E+01  1.568465042E+01
1.695303558E+01  1.283570576E+01
1.697202177E+01  1.063646603E+01
1.699100797E+01  8.674869537E+00
1.700999416E+01  7.866877079E+00
1.702898035E+01  7.647054672E+00
1.704796655E+01  7.255979538E+00
1.706695274E+01  6.954385281E+00
1.708593893E+01  6.762376308E+00
1.710492513E+01  6.400809765E+00
1.712391132E+01  5.832295895E+00
1.714289751E+01  5.625585556E+00
1.716188371E+01  5.004628181E+00
1.718086990E+01  4.396029949E+00
1.719985610E+01  3.473812342E+00
1.721884229E+01  2.535328865E+00
1.723782848E+01  1.431169987E+00
1.725681468E+01  4.958600700E-01
1.727580087E+01  -6.316396594E-02
1.729478706E+01  -5.016707778E-01
1.731377326E+01  -8.485696912E-01
1.733275945E+01  -1.019175053E+00
1.735174564E+01  -8.531695604E-01
1.737073184E+01  -4.415528774E-01
1.738971803E+01  -4.438159987E-02
1.740870423E+01  -3.530522287E-01
1.742769042E+01  -8.994199634E-01
1.744667661E+01  -8.691233397E-01
1.746566281E+01  -6.367411613E-01
1.748464900E+01  -3.034370542E-01
1.750363519E+01  -1.748663038E-01
1.752262139E+01  7.590834051E-03
1.754160758E+01  2.317167632E-02
1.756059377E+01  -1.005337238E-01
1.757957997E+01  2.755740583E-01
1.759856616E+01  7.757582068E-01
1.761755235E+01  1.467389584E+00
1.763653855E+01  1.729656696E+00
1.765552474E+01  2.232779980E+00
1.767451094E+01  2.892277718E+00
1.769349713E+01  3.945363045E+00
1.771248332E+01  4.512142658E+00
1.773146952E+01  5.005694389E+00
1.775045571E+01  5.436245441E+00
1.776944190E+01  6.064840317E+00
1.778842810E+01  6.887239456E+00
1.780741429E+01  8.143436432E+00
1.782640048E+01  9.173870087E+00
1.784538668E+01  1.030838203E+01
1.786437287E+01  1.128972340E+01
1.788335907E+01  1.282264900E+01
1.790234526E+01  1.518205833E+01
1.792133145E+01  1.845642662E+01
1.794031765E+01  2.157209587E+01
1.795930384E+01  2.452567863E+01
1.797829003E+01  2.788321686E+01
1.799727623E+01  3.193132973E+01
1.801626242E+01  3.671207809E+01
1.803524861E+01  4.221962738E+01
1.805423481E+01  4.829426956E+01
1.807322100E+01  5.537581635E+01
1.809220719E+01  6.352855682E+01
1.811119339E+01  7.254910278E+01
1.813017958E+01  8.213924408E+01
1.814916578E+01  9.244331360E+01
1.816815197E+01  1.032493134E+02
1.818713816E+01  1.138069992E+02
1.820612436E+01  1.229414597E+02
1.822511055E+01  1.296626587E+02
1.824409674E+01  1.329893951E+02
1.826308294E+01  1.324211121E+02
1.828206913E+01  1.274116211E+02
1.830105532E+01  1.181012955E+02
1.832004152E+01  1.060712509E+02
1.833902771E+01  9.369493103E+01
1.835801391E+01  8.207260895E+01
1.837700010E+01  7.214093781E+01
1.839598629E+01  6.282604599E+01
1.841497249E+01  5.548535156E+01
1.843395868E+01  4.889213562E+01
1.845294487E+01  4.364298630E+01
1.847193107E+01  3.922881317E+01
1.849091726E+01  3.572725677E+01
1.850990345E+01  3.227077866E+01
1.852888965E+01  2.914595795E+01
1.854787584E+01  2.641045952E+01
1.856686203E+01  2.352015686E+01
1.858584823E+01  2.073510170E+01
1.860483442E+01  1.798856163E+01
1.862382062E+01  1.584237099E+01
1.864280681E+01  1.376417828E+01
1.866179300E+01  1.250214767E+01
1.868077920E+01  1.153930283E+01
1.869976539E+01  1.068292809E+01
1.871875158E+01  9.851759911E+00
1.873773778E+01  9.089365005E+00
1.875672397E+01  8.652506828E+00
1.877571016E+01  7.870430470E+00
1.879469636E+01  7.779776573E+00
1.881368255E+01  8.036772728E+00
1.883266875E+01  8.365485191E+00
1.885165494E+01  8.542823792E+00
1.887064113E+01  8.494896889E+00
1.888962733E+01  8.484680176E+00
1.890861352E+01  8.354812622E+00
1.892759971E+01  8.822289467E+00
1.894658591E+01  8.988805771E+00
1.896557210E+01  9.591379166E+00
1.898455829E+01  1.039387608E+01
1.900354449E+01  1.161269951E+01
1.902253068E+01  1.284693050E+01
1.904151687E+01  1.372408104E+01
1.906050307E+01  1.489232349E+01
1.907948926E+01  1.580999756E+01
1.909847546E+01  1.696912766E+01
1.911746165E+01  1.829413033E+01
1.913644784E+01  1.991814804E+01
1.915543404E+01  2.134990501E+01
1.917442023E+01  2.258996582E+01
1.919340642E+01  2.412280273E+01
1.921239262E+01  2.600218582E+01
1.923137881E+01  2.725819397E+01
1.925036500E+01  2.828240395E+01
1.926935120E+01  2.885589409E+01
1.928833739E+01  2.939850998E+01
1.930732359E+01  2.976207542E+01
1.932630978E+01  2.951423836E+01
1.934529597E+01  2.799610710E+01
1.936428217E+01  2.590951157E+01
1.938326836E+01  2.382266045E+01
1.940225455E+01  2.165585899E+01
1.942124075E+01  1.945360565E+01
1.944022694E+01  1.683935738E+01
1.945921313E+01  1.449934101E+01
1.947819933E+01  1.206187534E+01
1.949718552E+01  1.001181221E+01
1.951617172E+01  8.091449738E+00
1.953515791E+01  6.626141548E+00
1.955414410E+01  5.032248974E+00
1.957313030E+01  3.814425230E+00
1.959211649E+01  2.671866894E+00
1.961110268E+01  1.805319548E+00
1.963008888E+01  1.201475143E+00
1.964907507E+01  9.210435748E-01
1.966806126E+01  1.033812881E+00
1.968704746E+01  1.354017615E+00
1.970603365E+01  1.459398746E+00
1.972501984E+01  2.396236658E+00
1.974400604E+01  3.787156105E+00
1.976299223E+01  5.499705315E+00
1.978197843E+01  7.294033051E+00
1.980096462E+01  9.699930191E+00
1.981995081E+01  1.304977703E+01
1.983893701E+01  1.737644386E+01
1.985792320E+01  2.202244186E+01
1.987690939E+01  2.719751358E+01
1.989589559E+01  3.264426422E+01
1.991488178E+01  3.861933899E+01
1.993386797E+01  4.317620850E+01
1.995285417E+01  4.647512817E+01
1.997184036E+01  4.830416107E+01
1.999082656E+01  4.912767792E+01
2.000981275E+01  4.799957275E+01
2.002879894E+01  4.617339325E+01
2.004778514E+01  4.346488571E+01
2.006677133E+01  4.087432861E+01
2.008575752E+01  3.805875778E+01
2.010474372E+01  3.584527588E+01
2.012372991E+01  3.382608414E+01
2.014271610E+01  3.239709091E+01
2.016170230E+01  3.147598839E+01
2.018068849E+01  3.094661713E+01
2.019967468E+01  2.998600960E+01
2.021866088E+01  2.951914787E+01
2.023764707E+01  2.919670486E+01
2.025663327E+01  2.952728271E+01
2.027561946E+01  2.936166763E+01
2.029460565E+01  2.908823204E+01
2.031359185E+01  2.836104012E+01
2.033257804E+01  2.785095215E+01
2.035156423E+01  2.714723587E+01
2.037055043E+01  2.656719398E+01
2.038953662E+01  2.581194305E+01
2.040852281E+01  2.509268761E+01
2.042750901E+01  2.375889587E+01
2.044649520E+01  2.298911095E+01
2.046548140E+01  2.178907013E+01
2.048446759E+01  2.057167625E+01
2.050345378E+01  1.935494232E+01
2.052243998E+01  1.840364265E+01
2.054142617E+01  1.809909821E+01
2.056041236E+01  1.792379570E+01
2.057939856E+01  1.759850502E+01
2.059838475E+01  1.692117882E+01
2.061737094E+01  1.642602348E+01
2.063635714E+01  1.585814095E+01
2.065534333E+01  1.521545506E+01
2.067432952E+01  1.472285938E+01
2.069331572E+01  1.440540504E+01
2.071230191E+01  1.444171524E+01
2.073128811E+01  1.428089714E+01
2.075027430E+01  1.401705742E+01
2.076926049E+01  1.361657238E+01
2.078824669E+01  1.306972790E+01
2.080723288E+01  1.330654049E+01
2.082621907E+01  1.328762150E+01
2.084520527E+01  1.326582527E+01
2.086419146E+01  1.310582352E+01
2.088317765E+01  1.322112274E+01
2.090216385E+01  1.347304153E+01
2.092115004E+01  1.360792828E+01
2.094013624E+01  1.334156036E+01
2.095912243E+01  1.318137074E+01
2.097810862E+01  1.376576138E+01
2.099709482E+01  1.383166122E+01
2.101608101E+01  1.376052952E+01
2.103506720E+01  1.361392784E+01
2.105405340E+01  1.396143246E+01
2.107303959E+01  1.408646202E+01
2.109202578E+01  1.437793827E+01
2.111101198E+01  1.439491558E+01
2.112999817E+01  1.446144772E+01
2.114898436E+01  1.460681820E+01
2.116797056E+01  1.475377750E+01
2.118695675E+01  1.451406670E+01
2.120594295E+01  1.425973320E+01
2.122492914E+01  1.394442749E+01
2.124391533E+01  1.373799229E+01
2.126290153E+01  1.307866001E+01
2.128188772E+01  1.260903549E+01
2.130087391E+01  1.186983299E+01
2.131986011E+01  1.133364010E+01
2.133884630E+01  1.057812977E+01
2.135783249E+01  9.934167862E+00
2.137681869E+01  8.885950089E+00
2.139580488E+01  7.986490726E+00
2.141479108E+01  7.414412975E+00
2.143377727E+01  7.032684326E+00
2.145276346E+01  6.472988129E+00
2.147174966E+01  5.955534458E+00
2.149073585E+01  5.451010227E+00
2.150972204E+01  5.208174229E+00
2.152870824E+01  4.909092903E+00
2.154769443E+01  4.619986057E+00
2.156668062E+01  4.334589958E+00
2.158566682E+01  3.831983805E+00
2.160465301E+01  3.344269753E+00
2.162363920E+01  2.764163256E+00
2.164262540E+01  2.024723530E+00
2.166161159E+01  1.343842983E+00
2.168059779E+01  1.027483821E+00
2.169958398E+01  7.944301367E-01
2.171857017E+01  5.662488341E-01
2.173755637E+01  3.271359801E-01
2.175654256E+01  5.647072941E-02
2.177552875E+01  4.669836164E-02
2.179451495E+01  -2.803284824E-01
2.181350114E+01  -5.827743411E-01
2.183248733E+01  -1.025310516E+00
2.185147353E+01  -1.024377704E+00
2.187045972E+01  -1.156459808E+00
2.188944592E+01  -9.749667645E-01
2.190843211E+01  -4.222431183E-01
2.192741830E+01  3.264154792E-01
2.194640450E+01  1.079091549E+00
2.196539069E+01  1.267462373E+00
2.198437688E+01  1.564378619E+00
2.200336308E+01  2.118894577E+00
2.202234927E+01  2.769324541E+00
2.204133546E+01  3.733088732E+00
2.206032166E+01  4.818064213E+00
2.207930785E+01  5.707625866E+00
2.209829405E+01  6.489792347E+00
2.211728024E+01  7.120834351E+00
2.213626643E+01  7.957488060E+00
2.215525263E+01  8.654308319E+00
2.217423882E+01  9.005813599E+00
2.219322501E+01  8.925921440E+00
2.221221121E+01  8.910488129E+00
2.223119740E+01  8.683009148E+00
2.225018359E+01  8.056976318E+00
2.226916979E+01  7.005997658E+00
2.228815598E+01  6.052002907E+00
2.230714217E+01  5.023910999E+00
2.232612837E+01  4.300124168E+00
2.234511456E+01  3.686789989E+00
2.236410076E+01  3.111679316E+00
2.238308695E+01  2.504997015E+00
2.240207314E+01  2.025415659E+00
2.242105934E+01  1.775599241E+00
2.244004553E+01  1.578477025E+00
2.245903172E+01  1.250145078E+00
2.247801792E+01  7.968985438E-01
2.249700411E+01  1.730029881E-01
2.251599030E+01  -2.788757682E-01
2.253497650E+01  -6.555123329E-01
2.255396269E+01  -5.817254186E-01
2.257294889E+01  -2.558586299E-01
2.259193508E+01  -6.688479334E-02
2.261092127E+01  6.801623851E-02
2.262990747E+01  2.844896913E-01
2.264889366E+01  3.424782157E-01
2.266787985E+01  3.043371141E-01
2.268686605E+01  3.641403019E-01
2.270585224E+01  3.258643746E-01
2.272483843E+01  2.462207377E-01
2.274382463E+01  2.397088259E-01
2.276281082E+01  2.443292290E-01
2.278179701E+01  2.815104127E-01
2.280078321E+01  4.796580970E-01
2.281976940E+01  4.451813996E-01
2.283875560E+01  4.534158111E-01
2.285774179E+01  2.303471863E-01
2.287672798E+01  3.396122903E-02
2.289571418E+01  8.490107208E-02
2.291470037E+01  2.502801418E-01
2.293368656E+01  3.909212947E-01
2.295267276E+01  3.480740190E-01
2.297165895E+01  3.530094400E-02
2.299064514E+01  -1.823596060E-01
2.300963134E+01  -2.552583516E-01
2.302861753E+01  -3.331362829E-02
2.304760373E+01  2.855150402E-01
2.306658992E+01  4.068894684E-01
2.308557611E+01  1.883247197E-01
2.310456231E+01  -5.692688003E-02
2.312354850E+01  -2.028566152E-01
2.314253469E+01  -1.279080957E-01
2.316152089E+01  1.345670372E-01
2.318050708E+01  2.666793764E-01
2.319949327E+01  1.853567660E-01
2.321847947E+01  3.314343691E-01
2.323746566E+01  6.015034914E-01
2.325645185E+01  3.940229416E-01
2.327543805E+01  3.857533261E-02
2.329442424E+01  4.051022604E-02
2.331341044E+01  1.870627254E-01
2.333239663E+01  1.780549735E-01
2.335138282E+01  1.342675537E-01
2.337036902E+01  2.244995683E-01
2.338935521E+01  3.274842799E-01
2.340834140E+01  3.983515203E-01
2.342732760E+01  4.953624904E-01
2.344631379E+01  3.613779247E-01
2.346529998E+01  9.352918714E-02
2.348428618E+01  -1.005949602E-01
2.350327237E+01  5.592682958E-02
2.352225857E+01  1.628158242E-01
2.354124476E+01  1.111242697E-01
2.356023095E+01  2.345515788E-01
2.357921715E+01  2.164458185E-01
2.359820334E+01  1.543239318E-02
2.361718953E+01  -8.859729767E-02
2.363617573E+01  -5.505508184E-02
2.365516192E+01  -4.229836166E-02
2.367414811E+01  -3.073107824E-02
2.369313431E+01  3.709718287E-01
2.371212050E+01  4.829295278E-01
2.373110669E+01  2.058198899E-01
2.375009289E+01  -2.523335442E-02
2.376907908E+01  -1.015171334E-01
2.378806528E+01  -5.857884511E-02
2.380705147E+01  1.247743070E-01
2.382603766E+01  3.497091830E-01
2.384502386E+01  3.881247342E-01
2.386401005E+01  2.149686217E-01
2.388299624E+01  1.868117452E-01
2.390198244E+01  3.119391501E-01
2.392096863E+01  5.743871331E-01
2.393995482E+01  5.196467042E-01
2.395894102E+01  3.999722898E-01
2.397792721E+01  2.733422518E-01
2.399691341E+01  9.889285266E-02
2.401589960E+01  9.666404128E-02
2.403488579E+01  -1.429270804E-01
2.405387199E+01  -1.136524379E-01
2.407285818E+01  -2.451005429E-01
2.409184437E+01  1.838135347E-02
2.411083057E+01  1.624939442E-01
2.412981676E+01  3.144272864E-01
2.414880295E+01  1.933945864E-01
2.416778915E+01  -1.508127339E-02
2.418677534E+01  -2.498324662E-01
2.420576153E+01  -1.220293343E-01
2.422474773E+01  4.956940562E-02
2.424373392E+01  4.987505078E-02
