2.827307538E+00  2.554926276E-01
2.846293732E+00  6.259096414E-02
2.865279926E+00  3.021298908E-02
2.884266119E+00  1.209493726E-01
2.903252313E+00  5.358670950E-01
2.922238506E+00  6.260290146E-01
2.941224700E+00  1.430200934E+00
2.960210894E+00  2.179700613E+00
2.979197087E+00  2.080969095E+00
2.998183281E+00  1.105510712E+00
3.017169474E+00  6.894232333E-02
3.036155668E+00  1.566097438E-01
3.055141862E+00  1.656709313E-01
3.074128055E+00  5.554335713E-01
3.093114249E+00  1.552634239E+00
3.112100442E+00  1.992563486E+00
3.131086636E+00  2.463094950E+00
3.150072830E+00  1.851939678E+00
3.169059023E+00  2.207395792E+00
3.188045217E+00  1.571664453E+00
3.207031410E+00  1.184551954E+00
3.226017604E+00  7.944962978E-01
3.245003798E+00  6.654368639E-01
3.263989991E+00  9.144429564E-01
3.282976185E+00  6.858877540E-01
3.301962378E+00  8.652607203E-01
3.320948572E+00  4.694698453E-01
3.339934766E+00  1.216801047E+00
3.358920959E+00  2.136022806E+00
3.377907153E+00  2.980847597E+00
3.396893346E+00  3.283149004E+00
3.415879540E+00  4.613925934E+00
3.434865734E+00  5.615865707E+00
3.453851927E+00  6.467298985E+00
3.472838121E+00  8.511632919E+00
3.491824314E+00  1.243069172E+01
3.510810508E+00  1.836623764E+01
3.529796702E+00  2.616858101E+01
3.548782895E+00  3.410774612E+01
3.567769089E+00  3.973942947E+01
3.586755282E+00  3.877354431E+01
3.605741476E+00  3.172738075E+01
3.624727670E+00  2.155458450E+01
3.643713863E+00  1.454040718E+01
3.662700057E+00  8.459606171E+00
3.681686250E+00  5.099628925E+00
3.700672444E+00  3.216957569E+00
3.719658638E+00  2.137356281E+00
3.738644831E+00  2.038695812E+00
3.757631025E+00  2.106967449E+00
3.776617218E+00  2.049435377E+00
3.795603412E+00  1.633778334E+00
3.814589606E+00  1.217484117E+00
3.833575799E+00  8.727385402E-01
3.852561993E+00  8.606353402E-01
3.871548186E+00  1.154856801E+00
3.890534380E+00  1.303001642E+00
3.909520574E+00  9.598186016E-01
3.928506767E+00  5.003343821E-01
3.947492961E+00  1.759945005E-01
3.966479154E+00  4.043476582E-01
3.985465348E+00  5.628936291E-01
4.004451542E+00  5.082396269E-01
4.023437735E+00  8.167666197E-01
4.042423929E+00  8.829741478E-01
4.061410122E+00  7.865601778E-01
4.080396316E+00  6.373743415E-01
4.099382510E+00  6.637765169E-01
4.118368703E+00  5.633386970E-01
4.137354897E+00  7.374413013E-01
4.156341091E+00  9.952290654E-01
4.175327284E+00  1.056882262E+00
4.194313478E+00  9.971199632E-01
4.213299671E+00  9.879733920E-01
4.232285865E+00  1.065181017E+00
4.251272059E+00  8.528205156E-01
4.270258252E+00  8.566377759E-01
4.289244446E+00  8.299621940E-01
4.308230639E+00  1.178259492E+00
4.327216833E+00  8.396835923E-01
4.346203027E+00  5.149798393E-01
4.365189220E+00  7.312982678E-01
4.384175414E+00  9.256455302E-01
4.403161607E+00  1.150806427E+00
4.422147801E+00  1.163497925E+00
4.441133995E+00  8.394140005E-01
4.460120188E+00  5.490869880E-01
4.479106382E+00  -1.212503538E-01
4.498092575E+00  -1.996589750E-01
4.517078769E+00  1.617788821E-01
4.536064963E+00  2.273570150E-01
4.555051156E+00  2.593717575E-01
4.574037350E+00  3.995831311E-01
4.593023543E+00  3.885353506E-01
4.612009737E+00  1.218824834E-01
4.630995931E+00  -5.892745778E-02
4.649982124E+00  4.165083170E-01
4.668968318E+00  6.286622882E-01
4.687954511E+00  1.057405949E+00
4.706940705E+00  8.629240394E-01
4.725926899E+00  8.197042942E-01
4.744913092E+00  1.111625075E+00
4.763899286E+00  1.216840386E+00
4.782885479E+00  8.140559793E-01
4.801871673E+00  5.209443569E-01
4.820857867E+00  1.949810982E-01
4.839844060E+00  5.089554787E-01
4.858830254E+00  2.978728116E-01
4.877816447E+00  8.070411086E-01
4.896802641E+00  1.482073307E+00
4.915788835E+00  1.355706573E+00
4.934775028E+00  6.705992818E-01
4.953761222E+00  4.197154045E-01
4.972747415E+00  2.005979568E-01
4.991733609E+00  -1.783430278E-01
5.010719803E+00  -1.840861142E-01
5.029705996E+00  1.136972457E-01
5.048692190E+00  4.693675339E-01
5.067678383E+00  1.696283817E-01
5.086664577E+00  1.302665323E-01
5.105650771E+00  3.932219744E-01
5.124636964E+00  1.038240314E+00
5.143623158E+00  1.158063293E+00
5.162609351E+00  6.428093314E-01
5.181595545E+00  2.271561325E-01
5.200581739E+00  1.424437910E-01
5.219567932E+00  3.992546815E-03
5.238554126E+00  2.592880726E-01
5.257540319E+00  7.662484646E-01
5.276526513E+00  1.201126695E+00
5.295512707E+00  1.180219889E+00
5.314498900E+00  1.454713464E+00
5.333485094E+00  1.544902086E+00
5.352471287E+00  1.416372418E+00
5.371457481E+00  1.102779508E+00
5.390443675E+00  5.979405642E-01
5.409429868E+00  2.989385724E-01
5.428416062E+00  -1.506741494E-01
5.447402255E+00  -5.668936670E-02
5.466388449E+00  9.065111226E-05
5.485374643E+00  7.392328382E-01
5.504360836E+00  8.828225732E-01
5.523347030E+00  9.905619025E-01
5.542333223E+00  5.148077607E-01
5.561319417E+00  5.171232224E-01
5.580305611E+00  7.609786838E-02
5.599291804E+00  1.317362934E-01
5.618277998E+00  6.056641936E-01
5.637264192E+00  3.724693656E-01
5.656250385E+00  9.830591828E-02
5.675236579E+00  1.311342716E-01
5.694222772E+00  4.681394994E-01
5.713208966E+00  1.279622674E+00
5.732195160E+00  1.840103030E+00
5.751181353E+00  1.900445342E+00
5.770167547E+00  1.605962157E+00
5.789153740E+00  1.413447022E+00
5.808139934E+00  1.394821525E+00
5.827126128E+00  1.707819223E+00
5.846112321E+00  2.105260134E+00
5.865098515E+00  1.756718397E+00
5.884084708E+00  1.361343384E+00
5.903070902E+00  8.738869429E-01
5.922057096E+00  9.735122323E-01
5.941043289E+00  1.159359455E+00
5.960029483E+00  1.209285617E+00
5.979015676E+00  1.458261490E+00
5.998001870E+00  1.505174756E+00
6.016988064E+00  2.182817221E+00
6.035974257E+00  2.552805662E+00
6.054960451E+00  2.748159647E+00
6.073946644E+00  2.626562834E+00
6.092932838E+00  2.227855206E+00
6.111919032E+00  1.473637581E+00
6.130905225E+00  6.226274967E-01
6.149891419E+00  2.354731783E-02
6.168877612E+00  -4.595937729E-01
6.187863806E+00  -2.516642511E-01
6.206850000E+00  -4.472304508E-02
6.225836193E+00  9.711109102E-02
6.244822387E+00  1.706930101E-01
6.263808580E+00  1.548452973E-01
6.282794774E+00  4.408410564E-02
6.301780968E+00  2.370505184E-01
6.320767161E+00  1.116790414E+00
6.339753355E+00  1.817709804E+00
6.358739548E+00  2.027640820E+00
6.377725742E+00  1.768894553E+00
6.396711936E+00  1.700937271E+00
6.415698129E+00  2.462996006E+00
6.434684323E+00  3.334475517E+00
6.453670516E+00  4.336215496E+00
6.472656710E+00  6.142537594E+00
6.491642904E+00  7.232095718E+00
6.510629097E+00  7.713705540E+00
6.529615291E+00  7.009408474E+00
6.548601484E+00  5.970109463E+00
6.567587678E+00  5.162367821E+00
6.586573872E+00  4.110593319E+00
6.605560065E+00  3.063370943E+00
6.624546259E+00  2.223467350E+00
6.643532452E+00  2.281045198E+00
6.662518646E+00  2.641395330E+00
6.681504840E+00  2.922353745E+00
6.700491033E+00  3.451412201E+00
6.719477227E+00  4.198926449E+00
6.738463420E+00  5.888325214E+00
6.757449614E+00  8.032557487E+00
6.776435808E+00  1.131616879E+01
6.795422001E+00  1.543123531E+01
6.814408195E+00  2.151662636E+01
6.833394388E+00  2.953452873E+01
6.852380582E+00  3.747440720E+01
6.871366776E+00  4.512817383E+01
6.890352969E+00  5.087269592E+01
6.909339163E+00  5.172694016E+01
6.928325356E+00  4.962657928E+01
6.947311550E+00  4.527717590E+01
6.966297744E+00  4.355832291E+01
6.985283937E+00  4.518796539E+01
7.004270131E+00  5.178163147E+01
7.023256325E+00  6.533011627E+01
7.042242518E+00  8.406364441E+01
7.061228712E+00  1.117712784E+02
7.080214905E+00  1.430459747E+02
7.099201099E+00  1.733247833E+02
7.118187293E+00  1.985613708E+02
7.137173486E+00  2.100639191E+02
7.156159680E+00  2.086403503E+02
7.175145873E+00  1.943109894E+02
7.194132067E+00  1.703428955E+02
7.213118261E+00  1.395005951E+02
7.232104454E+00  1.072371674E+02
7.251090648E+00  7.847578430E+01
7.270076841E+00  5.687472534E+01
7.289063035E+00  4.171924210E+01
7.308049229E+00  3.074830437E+01
7.327035422E+00  2.336809158E+01
7.346021616E+00  1.793067360E+01
7.365007809E+00  1.456875420E+01
7.383994003E+00  1.185663891E+01
7.402980197E+00  1.013563156E+01
7.421966390E+00  8.710968971E+00
7.440952584E+00  7.598863125E+00
7.459938777E+00  6.510771751E+00
7.478924971E+00  5.448389530E+00
7.497911165E+00  4.343783855E+00
7.516897358E+00  3.640191317E+00
7.535883552E+00  3.406690836E+00
7.554869745E+00  3.252462387E+00
7.573855939E+00  2.591877937E+00
7.592842133E+00  1.865433693E+00
7.611828326E+00  1.007154226E+00
7.630814520E+00  4.970360994E-01
7.649800713E+00  2.089603543E-01
7.668786907E+00  7.555075288E-01
7.687773101E+00  1.305779338E+00
7.706759294E+00  8.878697753E-01
7.725745488E+00  5.534873009E-01
7.744731681E+00  4.466758072E-01
7.763717875E+00  7.590400577E-01
7.782704069E+00  8.037604690E-01
7.801690262E+00  3.440480828E-01
7.820676456E+00  -3.606119454E-01
7.839662649E+00  -3.691637218E-01
7.858648843E+00  -1.403618455E-01
7.877635037E+00  -2.641464956E-02
7.896621230E+00  -3.417921364E-01
7.915607424E+00  -1.166498438E-01
7.934593617E+00  6.444524527E-01
7.953579811E+00  1.033132672E+00
7.972566005E+00  1.197309375E+00
7.991552198E+00  9.472004175E-01
8.010538392E+00  7.135699391E-01
8.029524585E+00  1.004938602E+00
8.048510779E+00  1.163821340E+00
8.067496973E+00  1.502511859E+00
8.086483166E+00  1.346644282E+00
8.105469360E+00  1.626194835E+00
8.124455553E+00  1.425178051E+00
8.143441747E+00  1.175189495E+00
8.162427941E+00  6.657354832E-01
8.181414134E+00  3.460377753E-01
8.200400328E+00  2.748947740E-01
8.219386521E+00  4.066180885E-01
8.238372715E+00  5.040756464E-01
8.257358909E+00  3.012929559E-01
8.276345102E+00  4.776895419E-02
8.295331296E+00  1.575922593E-02
8.314317489E+00  2.204811424E-01
8.333303683E+00  7.352291346E-01
8.352289877E+00  1.111181259E+00
8.371276070E+00  1.015040278E+00
8.390262264E+00  4.214089811E-01
8.409248457E+00  2.437642664E-01
8.428234651E+00  5.162127018E-01
8.447220845E+00  6.290491223E-01
8.466207038E+00  6.748194098E-01
8.485193232E+00  5.701554418E-01
8.504179426E+00  6.712628603E-01
8.523165619E+00  5.555917025E-01
8.542151813E+00  5.582074523E-01
8.561138006E+00  7.382910848E-01
8.580124200E+00  7.473733425E-01
8.599110394E+00  8.927583694E-01
8.618096587E+00  9.489635825E-01
8.637082781E+00  6.812415719E-01
8.656068974E+00  4.478665888E-01
8.675055168E+00  1.624982655E-01
8.694041362E+00  -2.729662657E-01
8.713027555E+00  -5.676756501E-01
8.732013749E+00  -6.241099834E-01
8.750999942E+00  -6.761989594E-01
8.769986136E+00  -8.679165840E-01
8.788972330E+00  -9.815647602E-01
8.807958523E+00  -1.249966502E+00
8.826944717E+00  -1.403171301E+00
8.845930910E+00  -1.227766514E+00
8.864917104E+00  -8.401770592E-01
8.883903298E+00  -7.531805038E-01
8.902889491E+00  -6.778497100E-01
8.921875685E+00  -3.566554189E-01
8.940861878E+00  2.075855061E-02
8.959848072E+00  8.188065886E-01
8.978834266E+00  1.900825858E+00
8.997820459E+00  2.835781097E+00
9.016806653E+00  4.020205975E+00
9.035792846E+00  4.472551823E+00
9.054779040E+00  5.697210789E+00
9.073765234E+00  6.334223270E+00
9.092751427E+00  7.455153465E+00
9.111737621E+00  8.198089600E+00
9.130723814E+00  9.253106117E+00
9.149710008E+00  1.067183971E+01
9.168696202E+00  1.263366699E+01
9.187682395E+00  1.580418301E+01
9.206668589E+00  2.016928482E+01
9.225654782E+00  2.819707870E+01
9.244640976E+00  3.957199097E+01
9.263627170E+00  5.893006516E+01
9.282613363E+00  8.997104645E+01
9.301599557E+00  1.419369507E+02
9.320585750E+00  2.312414093E+02
9.339571944E+00  3.627635803E+02
9.358558138E+00  5.312830811E+02
9.377544331E+00  7.185534058E+02
9.396530525E+00  8.924176636E+02
9.415516718E+00  1.009461731E+03
9.434502912E+00  1.071493164E+03
9.453489106E+00  1.066090332E+03
9.472475299E+00  1.021059998E+03
9.491461493E+00  9.434249268E+02
9.510447686E+00  8.350816040E+02
9.529433880E+00  7.303555298E+02
9.548420074E+00  6.332778320E+02
9.567406267E+00  5.655767212E+02
9.586392461E+00  5.383079224E+02
9.605378654E+00  5.442957153E+02
9.624364848E+00  5.715953369E+02
9.643351042E+00  6.120100098E+02
9.662337235E+00  6.521838989E+02
9.681323429E+00  6.873359375E+02
9.700309622E+00  7.201768188E+02
9.719295816E+00  7.526036377E+02
9.738282010E+00  7.690452881E+02
9.757268203E+00  7.645814209E+02
9.776254397E+00  7.263352051E+02
9.795240590E+00  6.738012085E+02
9.814226784E+00  6.058016357E+02
9.833212978E+00  5.392157593E+02
9.852199171E+00  4.708257446E+02
9.871185365E+00  4.083600464E+02
9.890171559E+00  3.515987549E+02
9.909157752E+00  3.006569519E+02
9.928143946E+00  2.565780334E+02
9.947130139E+00  2.202336121E+02
9.966116333E+00  1.895253448E+02
9.985102527E+00  1.664696350E+02
1.000408872E+01  1.456054840E+02
1.002307491E+01  1.293467407E+02
1.004206111E+01  1.147509537E+02
1.006104730E+01  1.007295151E+02
1.008003349E+01  8.651976013E+01
1.009901969E+01  7.433380127E+01
1.011800588E+01  6.211398315E+01
1.013699208E+01  5.129211426E+01
1.015597827E+01  4.129027176E+01
1.017496446E+01  3.187482834E+01
1.019395066E+01  2.522574425E+01
1.021293685E+01  1.823942375E+01
1.023192304E+01  1.324946117E+01
1.025090924E+01  9.261461258E+00
1.026989543E+01  6.286438465E+00
1.028888162E+01  3.913219690E+00
1.030786782E+01  1.029004455E+00
1.032685401E+01  -5.483088493E-01
1.034584020E+01  -1.272390842E+00
1.036482640E+01  -1.829858303E+00
1.038381259E+01  -2.286115646E+00
1.040279879E+01  -2.940594673E+00
1.042178498E+01  -2.896791935E+00
1.044077117E+01  -2.652783871E+00
1.045975737E+01  -1.723116636E+00
1.047874356E+01  -1.049207330E+00
1.049772975E+01  -3.955264688E-01
1.051671595E+01  1.268696487E-01
1.053570214E+01  5.034196377E-01
1.055468833E+01  1.113842964E+00
1.057367453E+01  1.138430715E+00
1.059266072E+01  1.322596192E+00
1.061164692E+01  1.407106161E+00
1.063063311E+01  2.458853960E+00
1.064961930E+01  3.440966606E+00
1.066860550E+01  4.404783249E+00
1.068759169E+01  5.509057999E+00
1.070657788E+01  6.780650616E+00
1.072556408E+01  8.483868599E+00
1.074455027E+01  8.954766273E+00
1.076353646E+01  9.754364967E+00
1.078252266E+01  9.744436264E+00
1.080150885E+01  1.017586708E+01
1.082049505E+01  1.098812580E+01
1.083948124E+01  1.218770123E+01
1.085846743E+01  1.362477970E+01
1.087745363E+01  1.511616325E+01
1.089643982E+01  1.653379250E+01
1.091542601E+01  1.836082077E+01
1.093441221E+01  2.052785301E+01
1.095339840E+01  2.306704903E+01
1.097238459E+01  2.599164200E+01
1.099137079E+01  2.888904572E+01
1.101035698E+01  3.192450905E+01
1.102934317E+01  3.456202316E+01
1.104832937E+01  3.776930237E+01
1.106731556E+01  4.092686081E+01
1.108630176E+01  4.475503922E+01
1.110528795E+01  4.878473282E+01
1.112427414E+01  5.262646866E+01
1.114326034E+01  5.565298462E+01
1.116224653E+01  5.860749054E+01
1.118123272E+01  6.025281143E+01
1.120021892E+01  6.157077789E+01
1.121920511E+01  6.077277374E+01
1.123819130E+01  6.042486572E+01
1.125717750E+01  5.918242264E+01
1.127616369E+01  5.859287262E+01
1.129514989E+01  5.608483124E+01
1.131413608E+01  5.313205719E+01
1.133312227E+01  4.935368347E+01
1.135210847E+01  4.621740341E+01
1.137109466E+01  4.255192947E+01
1.139008085E+01  3.858032227E+01
1.140906705E+01  3.485673523E+01
1.142805324E+01  3.067536545E+01
1.144703943E+01  2.695858192E+01
1.146602563E+01  2.290460968E+01
1.148501182E+01  1.972464371E+01
1.150399801E+01  1.640963173E+01
1.152298421E+01  1.419116497E+01
1.154197040E+01  1.194966602E+01
1.156095660E+01  9.741927147E+00
1.157994279E+01  7.674022198E+00
1.159892898E+01  5.695110321E+00
1.161791518E+01  4.516489029E+00
1.163690137E+01  2.945770741E+00
1.165588756E+01  1.945588708E+00
1.167487376E+01  8.809782267E-01
1.169385995E+01  4.911229312E-01
1.171284614E+01  8.026445508E-01
1.173183234E+01  7.090448737E-01
1.175081853E+01  9.033432007E-01
1.176980473E+01  6.936476827E-01
1.178879092E+01  9.895026684E-01
1.180777711E+01  1.304120302E+00
1.182676331E+01  1.921818376E+00
1.184574950E+01  2.240766287E+00
1.186473569E+01  1.615059257E+00
1.188372189E+01  1.101957798E+00
1.190270808E+01  9.085759521E-02
1.192169427E+01  -2.228687704E-02
1.194068047E+01  -5.301973224E-01
1.195966666E+01  -3.308975995E-01
1.197865285E+01  1.011785269E+00
1.199763905E+01  2.106172323E+00
1.201662524E+01  4.156696320E+00
1.203561144E+01  6.228625774E+00
1.205459763E+01  9.831209183E+00
1.207358382E+01  1.494867611E+01
1.209257002E+01  2.148469543E+01
1.211155621E+01  3.300289154E+01
1.213054240E+01  4.768846130E+01
1.214952860E+01  7.206513977E+01
1.216851479E+01  1.009743347E+02
1.218750098E+01  1.374446716E+02
1.220648718E+01  1.859573059E+02
1.222547337E+01  2.289355316E+02
1.224445957E+01  2.779936523E+02
1.226344576E+01  3.290079041E+02
1.228243195E+01  3.659927063E+02
1.230141815E+01  4.071757812E+02
1.232040434E+01  4.479179382E+02
1.233939053E+01  4.691264648E+02
1.235837673E+01  4.748875122E+02
1.237736292E+01  4.643977356E+02
1.239634911E+01  4.324520569E+02
1.241533531E+01  3.890144958E+02
1.243432150E+01  3.462557678E+02
1.245330769E+01  3.003100281E+02
1.247229389E+01  2.551388092E+02
1.249128008E+01  2.115461121E+02
1.251026628E+01  1.785860291E+02
1.252925247E+01  1.482445831E+02
1.254823866E+01  1.282433929E+02
1.256722486E+01  1.109261856E+02
1.258621105E+01  9.857171631E+01
1.260519724E+01  8.912409973E+01
1.262418344E+01  8.057554626E+01
1.264316963E+01  7.467072296E+01
1.266215582E+01  6.778233337E+01
1.268114202E+01  6.255658340E+01
1.270012821E+01  5.831191635E+01
1.271911441E+01  5.488105011E+01
1.273810060E+01  5.298845673E+01
1.275708679E+01  5.105347061E+01
1.277607299E+01  5.030047989E+01
1.279505918E+01  4.912809753E+01
1.281404537E+01  4.902890396E+01
1.283303157E+01  4.954861450E+01
1.285201776E+01  4.945727539E+01
1.287100395E+01  5.090293121E+01
1.288999015E+01  5.119805527E+01
1.290897634E+01  5.311729431E+01
1.292796253E+01  5.419020844E+01
1.294694873E+01  5.639531708E+01
1.296593492E+01  5.836733627E+01
1.298492112E+01  5.944358444E+01
1.300390731E+01  6.128266525E+01
1.302289350E+01  6.165967941E+01
1.304187970E+01  6.261844635E+01
1.306086589E+01  6.191293716E+01
1.307985208E+01  6.192491531E+01
1.309883828E+01  6.160544205E+01
1.311782447E+01  6.106541061E+01
1.313681066E+01  6.127116013E+01
1.315579686E+01  6.065227890E+01
1.317478305E+01  6.110860443E+01
1.319376925E+01  6.018430328E+01
1.321275544E+01  6.081774139E+01
1.323174163E+01  6.110394669E+01
1.325072783E+01  6.142279053E+01
1.326971402E+01  6.097816467E+01
1.328870021E+01  6.001235199E+01
1.330768641E+01  5.952699661E+01
1.332667260E+01  5.810666656E+01
1.334565879E+01  5.668087387E+01
1.336464499E+01  5.451000595E+01
1.338363118E+01  5.212506104E+01
1.340261737E+01  4.925292206E+01
1.342160357E+01  4.659893799E+01
1.344058976E+01  4.373583984E+01
1.345957596E+01  3.982849884E+01
1.347856215E+01  3.618306351E+01
1.349754834E+01  3.190756416E+01
1.351653454E+01  2.873688889E+01
1.353552073E+01  2.506515312E+01
1.355450692E+01  2.237393570E+01
1.357349312E+01  1.952740097E+01
1.359247931E+01  1.659527016E+01
1.361146550E+01  1.425743389E+01
1.363045170E+01  1.177596378E+01
1.364943789E+01  9.997969627E+00
1.366842409E+01  8.421740532E+00
1.368741028E+01  6.651146889E+00
1.370639647E+01  5.332149982E+00
1.372538267E+01  3.458040953E+00
1.374436886E+01  2.113563061E+00
1.376335505E+01  5.296921134E-01
1.378234125E+01  -1.054359525E-01
1.380132744E+01  -6.631882787E-01
1.382031363E+01  -1.380404830E+00
1.383929983E+01  -1.595498681E+00
1.385828602E+01  -2.327176332E+00
1.387727222E+01  -2.247096062E+00
1.389625841E+01  -2.390347004E+00
1.391524460E+01  -2.466380835E+00
1.393423080E+01  -1.898042321E+00
1.395321699E+01  -9.256377816E-01
1.397220318E+01  4.849838316E-01
1.399118938E+01  1.917896271E+00
1.401017557E+01  2.902526140E+00
1.402916176E+01  3.985276461E+00
1.404814796E+01  5.433244705E+00
1.406713415E+01  6.923691273E+00
1.408612034E+01  8.444961548E+00
1.410510654E+01  9.919210434E+00
1.412409273E+01  1.133675766E+01
1.414307893E+01  1.274988651E+01
1.416206512E+01  1.371452904E+01
1.418105131E+01  1.549298954E+01
1.420003751E+01  1.693959236E+01
1.421902370E+01  1.841967773E+01
1.423800989E+01  1.941874123E+01
1.425699609E+01  1.987255859E+01
1.427598228E+01  1.997902870E+01
1.429496847E+01  1.980182838E+01
1.431395467E+01  1.919079781E+01
1.433294086E+01  1.789616203E+01
1.435192706E+01  1.631338310E+01
1.437091325E+01  1.460566902E+01
1.438989944E+01  1.319610500E+01
1.440888564E+01  1.195538044E+01
1.442787183E+01  1.069078350E+01
1.444685802E+01  8.969828606E+00
1.446584422E+01  7.106580257E+00
1.448483041E+01  5.677616596E+00
1.450381660E+01  4.367578030E+00
1.452280280E+01  3.303958654E+00
1.454178899E+01  2.563104868E+00
1.456077518E+01  2.007342100E+00
1.457976138E+01  1.605774522E+00
1.459874757E+01  1.029866934E+00
1.461773377E+01  7.071703672E-01
1.463671996E+01  5.967124104E-01
1.465570615E+01  1.717396677E-01
1.467469235E+01  -1.240903884E-01
1.469367854E+01  -3.852850795E-01
1.471266473E+01  -6.397038102E-01
1.473165093E+01  -9.084031582E-01
1.475063712E+01  -8.974705338E-01
1.476962331E+01  -1.247764587E+00
1.478860951E+01  -9.519993067E-01
1.480759570E+01  -8.719554543E-01
1.482658190E+01  -7.185226679E-01
1.484556809E+01  -4.916863441E-01
1.486455428E+01  -2.387674600E-01
1.488354048E+01  -2.122748494E-01
1.490252667E+01  -2.175308466E-01
1.492151286E+01  -5.981144905E-01
1.494049906E+01  -4.704654813E-01
1.495948525E+01  -3.431468010E-01
1.497847144E+01  -3.266836703E-01
1.499745764E+01  -6.589085609E-02
1.501644383E+01  -1.192163210E-02
1.503543002E+01  4.869118929E-01
1.505441622E+01  5.927467942E-01
1.507340241E+01  8.733260632E-01
1.509238861E+01  6.521728039E-01
1.511137480E+01  3.905327022E-01
1.513036099E+01  -2.400397956E-01
1.514934719E+01  -2.183228880E-01
1.516833338E+01  6.024971604E-01
1.518731957E+01  1.695708156E+00
1.520630577E+01  2.128406048E+00
1.522529196E+01  2.258409262E+00
1.524427815E+01  2.412878990E+00
1.526326435E+01  2.714246273E+00
1.528225054E+01  2.963192463E+00
1.530123674E+01  2.975015163E+00
1.532022293E+01  2.996558428E+00
1.533920912E+01  2.870519638E+00
1.535819532E+01  2.930119514E+00
1.537718151E+01  2.838685274E+00
1.539616770E+01  2.563284636E+00
1.541515390E+01  2.209167957E+00
1.543414009E+01  1.816719651E+00
1.545312628E+01  1.895867705E+00
1.547211248E+01  1.226940989E+00
1.549109867E+01  1.052228928E+00
1.551008486E+01  8.151019812E-01
1.552907106E+01  1.153100371E+00
1.554805725E+01  1.114105344E+00
1.556704345E+01  1.188413978E+00
1.558602964E+01  8.231128454E-01
1.560501583E+01  7.425140142E-01
1.562400203E+01  3.150826693E-01
1.564298822E+01  9.474386275E-02
1.566197441E+01  -6.891500670E-03
1.568096061E+01  -7.533855736E-02
1.569994680E+01  -1.701210439E-01
1.571893299E+01  -3.437527120E-01
1.573791919E+01  -1.353740543E-01
1.575690538E+01  1.147950888E-01
1.577589158E+01  1.486345530E-01
1.579487777E+01  2.941678166E-01
1.581386396E+01  3.796248734E-01
1.583285016E+01  5.772077441E-01
1.585183635E+01  1.455374956E-01
1.587082254E+01  1.736226305E-02
1.588980874E+01  8.825340122E-02
1.590879493E+01  5.340037942E-01
1.592778112E+01  9.938247800E-01
1.594676732E+01  1.456820965E+00
1.596575351E+01  1.842815757E+00
1.598473970E+01  1.891374111E+00
1.600372590E+01  2.152463675E+00
1.602271209E+01  2.556889772E+00
1.604169829E+01  2.894443512E+00
1.606068448E+01  3.178770065E+00
1.607967067E+01  3.568754911E+00
1.609865687E+01  3.829415083E+00
1.611764306E+01  3.956394196E+00
1.613662925E+01  4.348082066E+00
1.615561545E+01  5.182275772E+00
1.617460164E+01  5.775204182E+00
1.619358783E+01  6.702665329E+00
1.621257403E+01  7.535133839E+00
1.623156022E+01  8.812399864E+00
1.625054642E+01  9.759126663E+00
1.626953261E+01  1.056393719E+01
1.628851880E+01  1.125251579E+01
1.630750500E+01  1.219168282E+01
1.632649119E+01  1.296578503E+01
1.634547738E+01  1.406962204E+01
1.636446358E+01  1.468130493E+01
1.638344977E+01  1.517426300E+01
1.640243596E+01  1.562247562E+01
1.642142216E+01  1.596537399E+01
1.644040835E+01  1.628391647E+01
1.645939455E+01  1.665927505E+01
1.647838074E+01  1.682650757E+01
1.649736693E+01  1.655827904E+01
1.651635313E+01  1.610457993E+01
1.653533932E+01  1.637275887E+01
1.655432551E+01  1.669549751E+01
1.657331171E+01  1.625027466E+01
1.659229790E+01  1.604030418E+01
1.661128409E+01  1.593816185E+01
1.663027029E+01  1.607810402E+01
1.664925648E+01  1.670477486E+01
1.666824267E+01  1.757374191E+01
1.668722887E+01  1.910425186E+01
1.670621506E+01  2.156550789E+01
1.672520126E+01  2.412672997E+01
1.674418745E+01  2.713298225E+01
1.676317364E+01  3.073550224E+01
1.678215984E+01  3.517070007E+01
1.680114603E+01  4.031937408E+01
1.682013222E+01  4.519828033E+01
1.683911842E+01  5.063287735E+01
1.685810461E+01  5.617936325E+01
1.687709080E+01  6.057996750E+01
1.689607700E+01  6.353241348E+01
1.691506319E+01  6.453582764E+01
1.693404939E+01  6.152841568E+01
1.695303558E+01  5.656398010E+01
1.697202177E+01  4.854412460E+01
1.699100797E+01  4.057544708E+01
1.700999416E+01  3.250583649E+01
1.702898035E+01  2.673724174E+01
1.704796655E+01  2.147577667E+01
1.706695274E+01  1.731588745E+01
1.708593893E+01  1.419786167E+01
1.710492513E+01  1.149685287E+01
1.712391132E+01  9.927093506E+00
1.714289751E+01  8.811779976E+00
1.716188371E+01  7.030839920E+00
1.718086990E+01  5.760961056E+00
1.719985610E+01  4.716571331E+00
1.721884229E+01  3.641802073E+00
1.723782848E+01  3.182818413E+00
1.725681468E+01  2.390005827E+00
1.727580087E+01  1.980070591E+00
1.729478706E+01  1.294081926E+00
1.731377326E+01  8.888281584E-01
1.733275945E+01  4.652092159E-01
1.735174564E+01  3.069596887E-01
1.737073184E+01  6.989647448E-02
1.738971803E+01  2.343894243E-01
1.740870423E+01  8.104077727E-02
1.742769042E+01  1.628242582E-01
1.744667661E+01  -7.775640488E-02
1.746566281E+01  -4.993551672E-01
1.748464900E+01  -7.148920894E-01
1.750363519E+01  -7.655178905E-01
1.752262139E+01  -6.972576976E-01
1.754160758E+01  -6.792660952E-01
1.756059377E+01  -7.974209189E-01
1.757957997E+01  -1.181947351E+00
1.759856616E+01  -1.151323438E+00
1.761755235E+01  -8.250883222E-01
1.763653855E+01  -5.827353597E-01
1.765552474E+01  -5.026773214E-01
1.767451094E+01  -7.271149009E-02
1.769349713E+01  3.881654739E-01
1.771248332E+01  8.503468037E-01
1.773146952E+01  1.187902689E+00
1.775045571E+01  1.296010613E+00
1.776944190E+01  1.688365936E+00
1.778842810E+01  2.063357115E+00
1.780741429E+01  2.924929619E+00
1.782640048E+01  3.558748245E+00
1.784538668E+01  4.301376820E+00
1.786437287E+01  4.799536228E+00
1.788335907E+01  5.167513847E+00
1.790234526E+01  5.654990196E+00
1.792133145E+01  6.001941681E+00
1.794031765E+01  6.647957802E+00
1.795930384E+01  7.061308861E+00
1.797829003E+01  8.271110535E+00
1.799727623E+01  9.783196449E+00
1.801626242E+01  1.164186954E+01
1.803524861E+01  1.405677509E+01
1.805423481E+01  1.671718597E+01
1.807322100E+01  1.992068863E+01
1.809220719E+01  2.342738152E+01
1.811119339E+01  2.800124741E+01
1.813017958E+01  3.314565659E+01
1.814916578E+01  3.826691055E+01
1.816815197E+01  4.324081039E+01
1.818713816E+01  4.794034958E+01
1.820612436E+01  5.319878387E+01
1.822511055E+01  5.895085526E+01
1.824409674E+01  6.582847595E+01
1.826308294E+01  7.361241913E+01
1.828206913E+01  8.250992584E+01
1.830105532E+01  9.197830963E+01
1.832004152E+01  1.018536758E+02
1.833902771E+01  1.106445389E+02
1.835801391E+01  1.168683624E+02
1.837700010E+01  1.194195862E+02
1.839598629E+01  1.180909500E+02
1.841497249E+01  1.139749146E+02
1.843395868E+01  1.066648102E+02
1.845294487E+01  9.801611328E+01
1.847193107E+01  8.777687073E+01
1.849091726E+01  7.798365021E+01
1.850990345E+01  6.854943848E+01
1.852888965E+01  6.088374329E+01
1.854787584E+01  5.495860672E+01
1.856686203E+01  5.049655914E+01
1.858584823E+01  4.657691574E+01
1.860483442E+01  4.354928970E+01
1.862382062E+01  4.080654907E+01
1.864280681E+01  3.835466003E+01
1.866179300E+01  3.582637787E+01
1.868077920E+01  3.349423599E+01
1.869976539E+01  3.110931778E+01
1.871875158E+01  2.840218353E+01
1.873773778E+01  2.520811653E+01
1.875672397E+01  2.221191788E+01
1.877571016E+01  1.897753906E+01
1.879469636E+01  1.635839462E+01
1.881368255E+01  1.420003510E+01
1.883266875E+01  1.230333519E+01
1.885165494E+01  1.067644787E+01
1.887064113E+01  9.424606323E+00
1.888962733E+01  9.204474449E+00
1.890861352E+01  8.306802750E+00
1.892759971E+01  7.670912266E+00
1.894658591E+01  7.214527607E+00
1.896557210E+01  7.277919769E+00
1.898455829E+01  7.371431828E+00
1.900354449E+01  7.131369591E+00
1.902253068E+01  7.554680347E+00
1.904151687E+01  7.867150307E+00
1.906050307E+01  8.001307487E+00
1.907948926E+01  8.110204697E+00
1.909847546E+01  8.644001007E+00
1.911746165E+01  8.827804565E+00
1.913644784E+01  9.181573868E+00
1.915543404E+01  9.220386505E+00
1.917442023E+01  9.526947975E+00
1.919340642E+01  9.776677132E+00
1.921239262E+01  1.004862118E+01
1.923137881E+01  1.036986637E+01
1.925036500E+01  1.103333950E+01
1.926935120E+01  1.158155060E+01
1.928833739E+01  1.247654724E+01
1.930732359E+01  1.306252766E+01
1.932630978E+01  1.378835773E+01
1.934529597E+01  1.434696007E+01
1.936428217E+01  1.499423790E+01
1.938326836E+01  1.580982494E+01
1.940225455E+01  1.632503891E+01
1.942124075E+01  1.640665627E+01
1.944022694E+01  1.590830708E+01
1.945921313E+01  1.545615387E+01
1.947819933E+01  1.482403088E+01
1.949718552E+01  1.372072315E+01
1.951617172E+01  1.241630173E+01
1.953515791E+01  1.072441578E+01
1.955414410E+01  9.063897133E+00
1.957313030E+01  7.026135921E+00
1.959211649E+01  5.815641880E+00
1.961110268E+01  4.465117931E+00
1.963008888E+01  3.493464947E+00
1.964907507E+01  2.348195076E+00
1.966806126E+01  1.998341799E+00
1.968704746E+01  1.592206836E+00
1.970603365E+01  1.229118109E+00
1.972501984E+01  8.350572586E-01
1.974400604E+01  7.743993402E-01
1.976299223E+01  7.213587761E-01
1.978197843E+01  8.626424670E-01
1.980096462E+01  1.161717296E+00
1.981995081E+01  1.520295382E+00
1.983893701E+01  2.207107067E+00
1.985792320E+01  2.815619946E+00
1.987690939E+01  3.681993961E+00
1.989589559E+01  4.920910358E+00
1.991488178E+01  7.037449837E+00
1.993386797E+01  9.584992409E+00
1.995285417E+01  1.214472580E+01
1.997184036E+01  1.552219582E+01
1.999082656E+01  1.938866234E+01
2.000981275E+01  2.351775551E+01
2.002879894E+01  2.771181107E+01
2.004778514E+01  3.081583023E+01
2.006677133E+01  3.354040909E+01
2.008575752E+01  3.524384308E+01
2.010474372E+01  3.679349899E+01
2.012372991E+01  3.721603012E+01
2.014271610E+01  3.734076691E+01
2.016170230E+01  3.685263062E+01
2.018068849E+01  3.655749130E+01
2.019967468E+01  3.580763626E+01
2.021866088E+01  3.469879532E+01
2.023764707E+01  3.329969406E+01
2.025663327E+01  3.190553284E+01
2.027561946E+01  3.088170433E+01
2.029460565E+01  2.976970100E+01
2.031359185E+01  2.894466400E+01
2.033257804E+01  2.838378716E+01
2.035156423E+01  2.833976364E+01
2.037055043E+01  2.801819420E+01
2.038953662E+01  2.780848503E+01
2.040852281E+01  2.790480995E+01
2.042750901E+01  2.787327194E+01
2.044649520E+01  2.776536369E+01
2.046548140E+01  2.771469879E+01
2.048446759E+01  2.791652298E+01
2.050345378E+01  2.797041321E+01
2.052243998E+01  2.788803291E+01
2.054142617E+01  2.800877190E+01
2.056041236E+01  2.826308441E+01
2.057939856E+01  2.818951988E+01
2.059838475E+01  2.805888367E+01
2.061737094E+01  2.796180534E+01
2.063635714E+01  2.731548309E+01
2.065534333E+01  2.684666061E+01
2.067432952E+01  2.616761971E+01
2.069331572E+01  2.534035683E+01
2.071230191E+01  2.478947830E+01
2.073128811E+01  2.399283600E+01
2.075027430E+01  2.320898628E+01
2.076926049E+01  2.234191322E+01
2.078824669E+01  2.175156784E+01
2.080723288E+01  2.144352341E+01
2.082621907E+01  2.100940323E+01
2.084520527E+01  1.985837936E+01
2.086419146E+01  1.905411339E+01
2.088317765E+01  1.843738747E+01
2.090216385E+01  1.785287666E+01
2.092115004E+01  1.707966805E+01
2.094013624E+01  1.621225739E+01
2.095912243E+01  1.527035332E+01
2.097810862E+01  1.490046787E+01
2.099709482E+01  1.460256767E+01
2.101608101E+01  1.401188183E+01
2.103506720E+01  1.342132664E+01
2.105405340E+01  1.303723335E+01
2.107303959E+01  1.258968449E+01
2.109202578E+01  1.207573795E+01
2.111101198E+01  1.142124748E+01
2.112999817E+01  1.080753708E+01
2.114898436E+01  1.032473278E+01
2.116797056E+01  9.710867882E+00
2.118695675E+01  9.003233910E+00
2.120594295E+01  8.502085686E+00
2.122492914E+01  7.967923164E+00
2.124391533E+01  7.467281342E+00
2.126290153E+01  6.553584576E+00
2.128188772E+01  6.257865429E+00
2.130087391E+01  5.587186337E+00
2.131986011E+01  5.264668465E+00
2.133884630E+01  4.363519192E+00
2.135783249E+01  3.623735428E+00
2.137681869E+01  2.831154823E+00
2.139580488E+01  2.634664774E+00
2.141479108E+01  2.450307846E+00
2.143377727E+01  2.310441971E+00
2.145276346E+01  2.078761101E+00
2.147174966E+01  1.967271686E+00
2.149073585E+01  1.727983713E+00
2.150972204E+01  1.386655331E+00
2.152870824E+01  1.087957978E+00
2.154769443E+01  1.099914312E+00
2.156668062E+01  1.058662415E+00
2.158566682E+01  1.010951281E+00
2.160465301E+01  8.348726034E-01
2.162363920E+01  5.589546561E-01
2.164262540E+01  6.768944263E-01
2.166161159E+01  5.303597450E-01
2.168059779E+01  5.760103464E-01
2.169958398E+01  3.023001552E-01
2.171857017E+01  4.578350782E-01
2.173755637E+01  5.971305370E-01
2.175654256E+01  9.718370438E-01
2.177552875E+01  1.168732285E+00
2.179451495E+01  9.666776061E-01
2.181350114E+01  7.027313113E-01
2.183248733E+01  2.274653763E-01
2.185147353E+01  -1.094893888E-01
2.187045972E+01  -5.135250688E-01
2.188944592E+01  -5.973328352E-01
2.190843211E+01  -5.694681406E-01
2.192741830E+01  -6.109499931E-01
2.194640450E+01  -3.954616785E-01
2.196539069E+01  -2.089177221E-01
2.198437688E+01  -2.656340599E-01
2.200336308E+01  -2.807484567E-01
2.202234927E+01  -2.519933879E-01
2.204133546E+01  -2.154701799E-01
2.206032166E+01  -1.478950232E-01
2.207930785E+01  -1.364027262E-01
2.209829405E+01  3.600457683E-02
2.211728024E+01  5.329337716E-01
2.213626643E+01  9.560347795E-01
2.215525263E+01  1.412236810E+00
2.217423882E+01  2.010577202E+00
2.219322501E+01  2.918444395E+00
2.221221121E+01  3.978892088E+00
2.223119740E+01  4.957533836E+00
2.225018359E+01  6.187117577E+00
2.226916979E+01  7.394229889E+00
2.228815598E+01  8.053043365E+00
2.230714217E+01  7.986305714E+00
2.232612837E+01  7.394221783E+00
2.234511456E+01  6.490673542E+00
2.236410076E+01  5.423561096E+00
2.238308695E+01  4.585105419E+00
2.240207314E+01  3.559653282E+00
2.242105934E+01  2.795965195E+00
2.244004553E+01  2.012919188E+00
2.245903172E+01  1.426536322E+00
2.247801792E+01  9.923398495E-01
2.249700411E+01  7.051727176E-01
2.251599030E+01  6.412022114E-01
2.253497650E+01  5.084127188E-01
2.255396269E+01  3.915474117E-01
2.257294889E+01  6.269385815E-01
2.259193508E+01  7.807834148E-01
2.261092127E+01  7.991867661E-01
2.262990747E+01  5.177298784E-01
2.264889366E+01  3.879559338E-01
2.266787985E+01  3.576547801E-01
2.268686605E+01  1.438445747E-01
2.270585224E+01  9.352631122E-02
2.272483843E+01  -1.194914356E-01
2.274382463E+01  -1.246394143E-01
2.276281082E+01  1.035390608E-02
2.278179701E+01  3.537389040E-01
2.280078321E+01  7.521961331E-01
2.281976940E+01  8.182932734E-01
2.283875560E+01  6.555248499E-01
2.285774179E+01  5.736720562E-01
2.287672798E+01  6.852129698E-01
2.289571418E+01  5.975651145E-01
2.291470037E+01  3.287223577E-01
2.293368656E+01  1.440853179E-01
2.295267276E+01  2.874818258E-02
2.297165895E+01  2.174068540E-01
2.299064514E+01  4.415713549E-01
2.300963134E+01  5.939426422E-01
2.302861753E+01  3.857983351E-01
2.304760373E+01  3.859074116E-01
2.306658992E+01  2.832079232E-01
2.308557611E+01  2.766909003E-01
2.310456231E+01  4.169110656E-01
2.312354850E+01  6.968479156E-01
2.314253469E+01  4.476014078E-01
2.316152089E+01  1.031342670E-01
2.318050708E+01  7.179640234E-02
2.319949327E+01  -1.223368663E-02
2.321847947E+01  2.384033427E-02
2.323746566E+01  -1.069788337E-01
2.325645185E+01  -3.260954097E-02
2.327543805E+01  -9.023251384E-02
2.329442424E+01  -2.366239130E-01
2.331341044E+01  -1.514424980E-01
2.333239663E+01  5.223689973E-02
2.335138282E+01  2.178982049E-01
2.337036902E+01  3.527311385E-01
2.338935521E+01  4.227901101E-01
2.340834140E+01  4.101781249E-01
2.342732760E+01  2.107938528E-01
2.344631379E+01  1.384804398E-01
2.346529998E+01  3.440850079E-01
2.348428618E+01  7.700022459E-01
2.350327237E+01  9.833710194E-01
2.352225857E+01  8.354239464E-01
2.354124476E+01  3.774034381E-01
2.356023095E+01  5.184979737E-02
2.357921715E+01  -7.490288466E-02
2.359820334E+01  -2.089780942E-02
2.361718953E+01  1.686101854E-01
2.363617573E+01  3.898501396E-01
2.365516192E+01  5.527195930E-01
2.367414811E+01  4.682668746E-01
2.369313431E+01  3.397691548E-01
2.371212050E+01  1.065332666E-01
2.373110669E+01  3.081586398E-02
2.375009289E+01  -3.733417392E-02
2.376907908E+01  2.570136786E-01
2.378806528E+01  3.070236444E-01
2.380705147E+01  2.986264229E-01
2.382603766E+01  1.399735808E-01
2.384502386E+01  2.014466673E-01
2.386401005E+01  3.767523766E-01
2.388299624E+01  2.719107568E-01
2.390198244E+01  1.242625341E-01
2.392096863E+01  1.094554439E-01
2.393995482E+01  3.309578001E-01
2.395894102E+01  3.948030174E-01
2.397792721E+01  3.116076589E-01
2.399691341E+01  4.011794180E-02
2.401589960E+01  -3.204034269E-01
2.403488579E+01  -3.615360558E-01
2.405387199E+01  -3.327224553E-01
2.407285818E+01  3.123544529E-02
2.409184437E+01  3.105757535E-01
2.411083057E+01  2.931675017E-01
2.412981676E+01  1.437739283E-01
2.414880295E+01  -2.336207544E-03
2.416778915E+01  1.202467009E-01
2.418677534E+01  -6.051167846E-02
2.420576153E+01  -6.946139783E-02
2.422474773E+01  -3.444506824E-01
2.424373392E+01  2.330467254E-01
