2.827307538E+00  6.335973740E-02
2.846293732E+00  8.670502305E-01
2.865279926E+00  1.243752718E+00
2.884266119E+00  1.095558882E+00
2.903252313E+00  7.096760273E-01
2.922238506E+00  5.072994828E-01
2.941224700E+00  1.424368322E-01
2.960210894E+00  1.197692990E+00
2.979197087E+00  1.812318921E+00
2.998183281E+00  2.316763401E+00
3.017169474E+00  1.858689547E+00
3.036155668E+00  1.005750656E+00
3.055141862E+00  6.991915703E-01
3.074128055E+00  6.870657206E-01
3.093114249E+00  1.736252785E+00
3.112100442E+00  1.994625807E+00
3.131086636E+00  1.428066254E+00
3.150072830E+00  5.011534095E-01
3.169059023E+00  3.203004897E-01
3.188045217E+00  1.696272939E-01
3.207031410E+00  6.434578300E-01
3.226017604E+00  1.018371224E+00
3.245003798E+00  9.841491580E-01
3.263989991E+00  1.162146807E+00
3.282976185E+00  1.703716040E+00
3.301962378E+00  2.277328730E+00
3.320948572E+00  2.936899185E+00
3.339934766E+00  3.373732328E+00
3.358920959E+00  4.012175083E+00
3.377907153E+00  4.468151093E+00
3.396893346E+00  5.226150513E+00
3.415879540E+00  6.687922001E+00
3.434865734E+00  8.424777985E+00
3.453851927E+00  1.098637104E+01
3.472838121E+00  1.479595947E+01
3.491824314E+00  1.950848198E+01
3.510810508E+00  2.395940971E+01
3.529796702E+00  2.643883133E+01
3.548782895E+00  2.537749100E+01
3.567769089E+00  2.229202080E+01
3.586755282E+00  1.716948128E+01
3.605741476E+00  1.250960636E+01
3.624727670E+00  8.449951172E+00
3.643713863E+00  5.670556068E+00
3.662700057E+00  4.020358562E+00
3.681686250E+00  2.942884445E+00
3.700672444E+00  2.333771944E+00
3.719658638E+00  1.944072962E+00
3.738644831E+00  2.032992125E+00
3.757631025E+00  2.021347046E+00
3.776617218E+00  2.031352043E+00
3.795603412E+00  2.083700180E+00
3.814589606E+00  1.895059109E+00
3.833575799E+00  1.607781053E+00
3.852561993E+00  1.512507558E+00
3.871548186E+00  1.489134431E+00
3.890534380E+00  1.187711120E+00
3.909520574E+00  1.413095951E+00
3.928506767E+00  1.586109519E+00
3.947492961E+00  1.775434494E+00
3.966479154E+00  1.668792248E+00
3.985465348E+00  8.401947618E-01
4.004451542E+00  4.825382531E-01
4.023437735E+00  4.550268650E-01
4.042423929E+00  6.934936643E-01
4.061410122E+00  6.381456852E-01
4.080396316E+00  -4.286908731E-02
4.099382510E+00  1.706035137E-01
4.118368703E+00  2.059592009E-01
4.137354897E+00  6.214302778E-02
4.156341091E+00  2.978745997E-01
4.175327284E+00  5.445816517E-01
4.194313478E+00  1.164998531E+00
4.213299671E+00  9.468805194E-01
4.232285865E+00  6.931455135E-01
4.251272059E+00  3.386943340E-01
4.270258252E+00  3.473402858E-01
4.289244446E+00  1.648955494E-01
4.308230639E+00  8.573510647E-01
4.327216833E+00  6.855978966E-01
4.346203027E+00  2.757328451E-01
4.365189220E+00  7.795243263E-01
4.384175414E+00  8.550850749E-01
4.403161607E+00  6.712584496E-01
4.422147801E+00  7.966827601E-02
4.441133995E+00  2.926889360E-01
4.460120188E+00  5.982186794E-01
4.479106382E+00  3.333475590E-01
4.498092575E+00  3.297643065E-01
4.517078769E+00  7.622219920E-01
4.536064963E+00  1.059959054E+00
4.555051156E+00  6.265738010E-01
4.574037350E+00  7.348539233E-01
4.593023543E+00  1.003527284E+00
4.612009737E+00  7.074142098E-01
4.630995931E+00  3.229902685E-01
4.649982124E+00  -1.044906974E-01
4.668968318E+00  -1.576876342E-01
4.687954511E+00  4.638672769E-01
4.706940705E+00  8.429136276E-01
4.725926899E+00  2.092498302E+00
4.744913092E+00  2.465795755E+00
4.763899286E+00  2.268859148E+00
4.782885479E+00  1.495952368E+00
4.801871673E+00  1.078878522E+00
4.820857867E+00  7.408013344E-01
4.839844060E+00  5.536803603E-01
4.858830254E+00  2.985930741E-01
4.877816447E+00  3.218469918E-01
4.896802641E+00  1.027521372E+00
4.915788835E+00  1.298278689E+00
4.934775028E+00  1.927026868E+00
4.953761222E+00  1.034025550E+00
4.972747415E+00  1.953289658E-01
4.991733609E+00  -1.778848618E-01
5.010719803E+00  3.577660322E-01
5.029705996E+00  9.625744224E-01
5.048692190E+00  1.360180497E+00
5.067678383E+00  1.679752707E+00
5.086664577E+00  1.415708661E+00
5.105650771E+00  1.283662558E+00
5.124636964E+00  9.425384402E-01
5.143623158E+00  7.895916104E-01
5.162609351E+00  6.345656514E-01
5.181595545E+00  4.512123168E-01
5.200581739E+00  4.742864985E-03
5.219567932E+00  -1.223442480E-01
5.238554126E+00  2.827810049E-01
5.257540319E+00  1.122326493E+00
5.276526513E+00  1.662554979E+00
5.295512707E+00  1.274730086E+00
5.314498900E+00  7.460837364E-01
5.333485094E+00  6.695031524E-01
5.352471287E+00  8.659625649E-01
5.371457481E+00  6.673969626E-01
5.390443675E+00  6.057026386E-01
5.409429868E+00  1.624668986E-01
5.428416062E+00  4.309126437E-01
5.447402255E+00  1.865944266E-01
5.466388449E+00  3.015074134E-01
5.485374643E+00  4.031907618E-01
5.504360836E+00  3.118599653E-01
5.523347030E+00  5.346825123E-01
5.542333223E+00  6.124582142E-02
5.561319417E+00  -1.578091830E-01
5.580305611E+00  -2.938160598E-01
5.599291804E+00  -3.562676162E-02
5.618277998E+00  3.861360848E-01
5.637264192E+00  7.028720379E-01
5.656250385E+00  8.982332945E-01
5.675236579E+00  3.730805516E-01
5.694222772E+00  7.241360843E-02
5.713208966E+00  3.045780957E-01
5.732195160E+00  1.120271683E+00
5.751181353E+00  1.425497890E+00
5.770167547E+00  1.686073780E+00
5.789153740E+00  1.615917206E+00
5.808139934E+00  1.691018105E+00
5.827126128E+00  8.909965158E-01
5.846112321E+00  3.659065664E-01
5.865098515E+00  1.872256100E-01
5.884084708E+00  8.521082997E-01
5.903070902E+00  7.748094201E-01
5.922057096E+00  7.471624017E-01
5.941043289E+00  8.571427464E-01
5.960029483E+00  1.496146917E+00
5.979015676E+00  2.123260260E+00
5.998001870E+00  2.532761097E+00
6.016988064E+00  2.664821625E+00
6.035974257E+00  2.853726864E+00
6.054960451E+00  2.372310877E+00
6.073946644E+00  1.473999500E+00
6.092932838E+00  8.393626213E-01
6.111919032E+00  4.320305288E-01
6.130905225E+00  5.453144312E-01
6.149891419E+00  5.787925720E-01
6.168877612E+00  5.182803273E-01
6.187863806E+00  -3.500473872E-02
6.206850000E+00  1.402313858E-01
6.225836193E+00  4.374881089E-01
6.244822387E+00  4.241688251E-01
6.263808580E+00  1.799183488E-01
6.282794774E+00  1.777154356E-01
6.301780968E+00  8.637866378E-01
6.320767161E+00  1.519670010E+00
6.339753355E+00  2.633311987E+00
6.358739548E+00  4.635305405E+00
6.377725742E+00  7.102443695E+00
6.396711936E+00  9.722398758E+00
6.415698129E+00  1.209639263E+01
6.434684323E+00  1.380894852E+01
6.453670516E+00  1.439257622E+01
6.472656710E+00  1.275090408E+01
6.491642904E+00  1.018741703E+01
6.510629097E+00  7.176304340E+00
6.529615291E+00  4.887858868E+00
6.548601484E+00  2.843672752E+00
6.567587678E+00  2.226217985E+00
6.586573872E+00  2.101454258E+00
6.605560065E+00  2.082016945E+00
6.624546259E+00  2.276813030E+00
6.643532452E+00  2.496384859E+00
6.662518646E+00  2.954656839E+00
6.681504840E+00  3.832376957E+00
6.700491033E+00  5.124264717E+00
6.719477227E+00  6.755035877E+00
6.738463420E+00  9.010745049E+00
6.757449614E+00  1.148977566E+01
6.776435808E+00  1.425293255E+01
6.795422001E+00  1.700491142E+01
6.814408195E+00  1.919242859E+01
6.833394388E+00  2.118050003E+01
6.852380582E+00  2.282743073E+01
6.871366776E+00  2.478356552E+01
6.890352969E+00  2.718737221E+01
6.909339163E+00  3.112764740E+01
6.928325356E+00  3.756147385E+01
6.947311550E+00  4.773740005E+01
6.966297744E+00  6.157200241E+01
6.985283937E+00  7.929546356E+01
7.004270131E+00  1.000694199E+02
7.023256325E+00  1.227178955E+02
7.042242518E+00  1.414823761E+02
7.061228712E+00  1.548716888E+02
7.080214905E+00  1.568894806E+02
7.099201099E+00  1.494332733E+02
7.118187293E+00  1.336626587E+02
7.137173486E+00  1.137107697E+02
7.156159680E+00  9.348028564E+01
7.175145873E+00  7.546675873E+01
7.194132067E+00  5.936037827E+01
7.213118261E+00  4.638716507E+01
7.232104454E+00  3.597476578E+01
7.251090648E+00  2.754805756E+01
7.270076841E+00  2.098151398E+01
7.289063035E+00  1.582920265E+01
7.308049229E+00  1.230956459E+01
7.327035422E+00  9.753750801E+00
7.346021616E+00  7.747243881E+00
7.365007809E+00  6.899422169E+00
7.383994003E+00  6.330574512E+00
7.402980197E+00  5.556869507E+00
7.421966390E+00  4.841535091E+00
7.440952584E+00  4.310538769E+00
7.459938777E+00  3.866465330E+00
7.478924971E+00  3.311885595E+00
7.497911165E+00  2.703831911E+00
7.516897358E+00  1.724220157E+00
7.535883552E+00  1.455573797E+00
7.554869745E+00  1.151011229E+00
7.573855939E+00  1.010762811E+00
7.592842133E+00  8.175593019E-01
7.611828326E+00  5.544565320E-01
7.630814520E+00  6.070871353E-01
7.649800713E+00  7.878108621E-01
7.668786907E+00  8.088546395E-01
7.687773101E+00  7.022299767E-01
7.706759294E+00  4.090221226E-01
7.725745488E+00  4.602323174E-01
7.744731681E+00  2.718757652E-02
7.763717875E+00  -6.636433303E-02
7.782704069E+00  -1.836004257E-01
7.801690262E+00  -3.810058236E-01
7.820676456E+00  -4.729236066E-01
7.839662649E+00  -3.550154865E-01
7.858648843E+00  -2.167757452E-01
7.877635037E+00  8.718752861E-02
7.896621230E+00  6.624687314E-01
7.915607424E+00  1.389253139E+00
7.934593617E+00  1.674083591E+00
7.953579811E+00  1.297330856E+00
7.972566005E+00  1.123716354E+00
7.991552198E+00  6.673901081E-01
8.010538392E+00  6.342713237E-01
8.029524585E+00  5.967007875E-01
8.048510779E+00  7.568683028E-01
8.067496973E+00  8.074848652E-01
8.086483166E+00  5.967625380E-01
8.105469360E+00  2.658821642E-01
8.124455553E+00  -2.112242430E-01
8.143441747E+00  -7.521851361E-02
8.162427941E+00  6.265758872E-01
8.181414134E+00  9.678360820E-01
8.200400328E+00  8.662520647E-01
8.219386521E+00  3.706260026E-01
8.238372715E+00  4.166125506E-02
8.257358909E+00  1.968570352E-01
8.276345102E+00  6.572956443E-01
8.295331296E+00  1.036177874E+00
8.314317489E+00  1.152847409E+00
8.333303683E+00  1.038184762E+00
8.352289877E+00  9.899589419E-01
8.371276070E+00  7.731987238E-01
8.390262264E+00  7.074045539E-01
8.409248457E+00  3.810804784E-01
8.428234651E+00  5.709926486E-01
8.447220845E+00  4.139301777E-01
8.466207038E+00  2.578181028E-01
8.485193232E+00  1.524323523E-01
8.504179426E+00  4.257926047E-01
8.523165619E+00  6.289936900E-01
8.542151813E+00  3.573335409E-01
8.561138006E+00  -1.100627854E-01
8.580124200E+00  -1.586107314E-01
8.599110394E+00  -2.870983183E-01
8.618096587E+00  -1.740573645E-01
8.637082781E+00  -1.015876383E-01
8.656068974E+00  -4.907311872E-02
8.675055168E+00  -3.016981483E-02
8.694041362E+00  1.634369045E-01
8.713027555E+00  -2.128171176E-01
8.732013749E+00  -4.092920423E-01
8.750999942E+00  -6.748966575E-01
8.769986136E+00  -7.010897994E-01
8.788972330E+00  -6.315720677E-01
8.807958523E+00  -7.450885773E-01
8.826944717E+00  -5.193978548E-01
8.845930910E+00  -1.318825781E-02
8.864917104E+00  9.340876341E-01
8.883903298E+00  1.809751272E+00
8.902889491E+00  2.714848042E+00
8.921875685E+00  3.320348263E+00
8.940861878E+00  4.377117157E+00
8.959848072E+00  5.657603741E+00
8.978834266E+00  7.335975170E+00
8.997820459E+00  8.890891075E+00
9.016806653E+00  1.156876755E+01
9.035792846E+00  1.489554787E+01
9.054779040E+00  1.904848671E+01
9.073765234E+00  2.440209770E+01
9.092751427E+00  3.102947426E+01
9.111737621E+00  3.992905045E+01
9.130723814E+00  5.295271301E+01
9.149710008E+00  7.210308075E+01
9.168696202E+00  9.868822479E+01
9.187682395E+00  1.440199127E+02
9.206668589E+00  2.143844757E+02
9.225654782E+00  3.199285889E+02
9.244640976E+00  4.675438232E+02
9.263627170E+00  6.462067871E+02
9.282613363E+00  8.098325806E+02
9.301599557E+00  9.201514282E+02
9.320585750E+00  9.539376221E+02
9.339571944E+00  9.109974365E+02
9.358558138E+00  8.261686401E+02
9.377544331E+00  7.130156250E+02
9.396530525E+00  6.152639771E+02
9.415516718E+00  5.385626221E+02
9.434502912E+00  4.795154419E+02
9.453489106E+00  4.486070251E+02
9.472475299E+00  4.354560242E+02
9.491461493E+00  4.382791748E+02
9.510447686E+00  4.566299438E+02
9.529433880E+00  4.884033813E+02
9.548420074E+00  5.311231689E+02
9.567406267E+00  5.725201416E+02
9.586392461E+00  5.988779297E+02
9.605378654E+00  6.095458984E+02
9.624364848E+00  6.077973633E+02
9.643351042E+00  5.999534912E+02
9.662337235E+00  5.809813232E+02
9.681323429E+00  5.514230957E+02
9.700309622E+00  5.158463745E+02
9.719295816E+00  4.769138489E+02
9.738282010E+00  4.322922363E+02
9.757268203E+00  3.881383362E+02
9.776254397E+00  3.418922424E+02
9.795240590E+00  2.997541809E+02
9.814226784E+00  2.602976074E+02
9.833212978E+00  2.258796997E+02
9.852199171E+00  1.960711212E+02
9.871185365E+00  1.704906769E+02
9.890171559E+00  1.496176758E+02
9.909157752E+00  1.291897736E+02
9.928143946E+00  1.100069962E+02
9.947130139E+00  9.351013947E+01
9.966116333E+00  7.910638428E+01
9.985102527E+00  6.594473267E+01
1.000408872E+01  5.475510025E+01
1.002307491E+01  4.438170242E+01
1.004206111E+01  3.534147263E+01
1.006104730E+01  2.774365425E+01
1.008003349E+01  2.067337799E+01
1.009901969E+01  1.635409927E+01
1.011800588E+01  1.179652500E+01
1.013699208E+01  8.892629623E+00
1.015597827E+01  6.359021664E+00
1.017496446E+01  4.374875069E+00
1.019395066E+01  3.132504463E+00
1.021293685E+01  1.543495059E+00
1.023192304E+01  1.022470295E-01
1.025090924E+01  -1.280343413E+00
1.026989543E+01  -2.144620180E+00
1.028888162E+01  -2.061131716E+00
1.030786782E+01  -2.983154297E+00
1.032685401E+01  -2.938007832E+00
1.034584020E+01  -2.730245113E+00
1.036482640E+01  -2.222886324E+00
1.038381259E+01  -1.262610316E+00
1.040279879E+01  -4.142844379E-01
1.042178498E+01  6.981040239E-01
1.044077117E+01  1.316766858E+00
1.045975737E+01  1.527847409E+00
1.047874356E+01  1.552690387E+00
1.049772975E+01  1.971651793E+00
1.051671595E+01  2.133837223E+00
1.053570214E+01  2.468725443E+00
1.055468833E+01  3.182696104E+00
1.057367453E+01  3.921038628E+00
1.059266072E+01  5.477526665E+00
1.061164692E+01  6.827063560E+00
1.063063311E+01  8.460881233E+00
1.064961930E+01  9.102489471E+00
1.066860550E+01  9.570386887E+00
1.068759169E+01  1.001494503E+01
1.070657788E+01  1.047092247E+01
1.072556408E+01  1.145966244E+01
1.074455027E+01  1.252930737E+01
1.076353646E+01  1.426979351E+01
1.078252266E+01  1.579253197E+01
1.080150885E+01  1.732957268E+01
1.082049505E+01  1.877716446E+01
1.083948124E+01  2.047737503E+01
1.085846743E+01  2.239224243E+01
1.087745363E+01  2.439742470E+01
1.089643982E+01  2.634020042E+01
1.091542601E+01  2.836086273E+01
1.093441221E+01  3.041133308E+01
1.095339840E+01  3.225693893E+01
1.097238459E+01  3.453443146E+01
1.099137079E+01  3.689482880E+01
1.101035698E+01  3.941148758E+01
1.102934317E+01  4.219971085E+01
1.104832937E+01  4.422441483E+01
1.106731556E+01  4.633164978E+01
1.108630176E+01  4.723719788E+01
1.110528795E+01  4.846783066E+01
1.112427414E+01  4.844479752E+01
1.114326034E+01  4.741291428E+01
1.116224653E+01  4.561697388E+01
1.118123272E+01  4.292229462E+01
1.120021892E+01  3.939379501E+01
1.121920511E+01  3.624493408E+01
1.123819130E+01  3.321526337E+01
1.125717750E+01  3.009037018E+01
1.127616369E+01  2.689974213E+01
1.129514989E+01  2.346724701E+01
1.131413608E+01  2.062749290E+01
1.133312227E+01  1.748667908E+01
1.135210847E+01  1.445579433E+01
1.137109466E+01  1.080440521E+01
1.139008085E+01  7.313343048E+00
1.140906705E+01  4.823764801E+00
1.142805324E+01  2.666604280E+00
1.144703943E+01  1.116674900E+00
1.146602563E+01  -5.551367402E-01
1.148501182E+01  -1.662587166E+00
1.150399801E+01  -2.728002548E+00
1.152298421E+01  -1.706059813E+00
1.154197040E+01  -3.118768632E-01
1.156095660E+01  6.584188342E-01
1.157994279E+01  1.768673301E+00
1.159892898E+01  2.706960678E+00
1.161791518E+01  4.174349785E+00
1.163690137E+01  4.693881035E+00
1.165588756E+01  5.261570930E+00
1.167487376E+01  5.270514488E+00
1.169385995E+01  5.629571915E+00
1.171284614E+01  6.870697021E+00
1.173183234E+01  8.421676636E+00
1.175081853E+01  1.112741184E+01
1.176980473E+01  1.413771057E+01
1.178879092E+01  1.740122414E+01
1.180777711E+01  2.140108871E+01
1.182676331E+01  2.624657249E+01
1.184574950E+01  3.293269348E+01
1.186473569E+01  4.102386093E+01
1.188372189E+01  5.092055511E+01
1.190270808E+01  6.458123016E+01
1.192169427E+01  8.136529541E+01
1.194068047E+01  1.067877045E+02
1.195966666E+01  1.424703217E+02
1.197865285E+01  1.896122437E+02
1.199763905E+01  2.678836670E+02
1.201662524E+01  3.587830811E+02
1.203561144E+01  4.880149841E+02
1.205459763E+01  6.251097412E+02
1.207358382E+01  7.367465210E+02
1.209257002E+01  7.945930176E+02
1.211155621E+01  7.944860840E+02
1.213054240E+01  7.404620361E+02
1.214952860E+01  6.516373901E+02
1.216851479E+01  5.681962280E+02
1.218750098E+01  4.895784302E+02
1.220648718E+01  4.320986938E+02
1.222547337E+01  3.826903687E+02
1.224445957E+01  3.464852905E+02
1.226344576E+01  3.180970459E+02
1.228243195E+01  2.933042297E+02
1.230141815E+01  2.683680115E+02
1.232040434E+01  2.441547241E+02
1.233939053E+01  2.137637177E+02
1.235837673E+01  1.831780548E+02
1.237736292E+01  1.527537994E+02
1.239634911E+01  1.250068054E+02
1.241533531E+01  1.018798370E+02
1.243432150E+01  8.298279572E+01
1.245330769E+01  6.982796478E+01
1.247229389E+01  5.899730301E+01
1.249128008E+01  5.066201401E+01
1.251026628E+01  4.557410049E+01
1.252925247E+01  4.162593079E+01
1.254823866E+01  3.919222641E+01
1.256722486E+01  3.609949875E+01
1.258621105E+01  3.370937729E+01
1.260519724E+01  3.281661606E+01
1.262418344E+01  3.175245667E+01
1.264316963E+01  3.168647766E+01
1.266215582E+01  3.059077072E+01
1.268114202E+01  3.028666687E+01
1.270012821E+01  2.941571045E+01
1.271911441E+01  2.887158775E+01
1.273810060E+01  2.836240196E+01
1.275708679E+01  2.759928703E+01
1.277607299E+01  2.748256111E+01
1.279505918E+01  2.713804817E+01
1.281404537E+01  2.701681328E+01
1.283303157E+01  2.710881805E+01
1.285201776E+01  2.766613007E+01
1.287100395E+01  2.831450272E+01
1.288999015E+01  2.862899399E+01
1.290897634E+01  2.915601540E+01
1.292796253E+01  2.974117088E+01
1.294694873E+01  3.026166916E+01
1.296593492E+01  3.010836792E+01
1.298492112E+01  2.970596313E+01
1.300390731E+01  2.944986916E+01
1.302289350E+01  2.950356865E+01
1.304187970E+01  2.964049149E+01
1.306086589E+01  2.945539665E+01
1.307985208E+01  2.889698792E+01
1.309883828E+01  2.808594322E+01
1.311782447E+01  2.838380241E+01
1.313681066E+01  2.867686653E+01
1.315579686E+01  2.821730042E+01
1.317478305E+01  2.780102158E+01
1.319376925E+01  2.792630005E+01
1.321275544E+01  2.841803551E+01
1.323174163E+01  2.844280815E+01
1.325072783E+01  2.784285927E+01
1.326971402E+01  2.699790764E+01
1.328870021E+01  2.601124191E+01
1.330768641E+01  2.520157814E+01
1.332667260E+01  2.355072212E+01
1.334565879E+01  2.185368919E+01
1.336464499E+01  1.982982635E+01
1.338363118E+01  1.783333015E+01
1.340261737E+01  1.563150883E+01
1.342160357E+01  1.358497810E+01
1.344058976E+01  1.200177860E+01
1.345957596E+01  1.052994061E+01
1.347856215E+01  8.968360901E+00
1.349754834E+01  7.199605465E+00
1.351653454E+01  5.950268745E+00
1.353552073E+01  4.164614201E+00
1.355450692E+01  2.776365042E+00
1.357349312E+01  1.767538667E+00
1.359247931E+01  1.128163815E+00
1.361146550E+01  2.472054027E-02
1.363045170E+01  -8.905190825E-01
1.364943789E+01  -1.126709461E+00
1.366842409E+01  -1.387788415E+00
1.368741028E+01  -1.963301420E+00
1.370639647E+01  -2.516398191E+00
1.372538267E+01  -2.856996298E+00
1.374436886E+01  -2.635675430E+00
1.376335505E+01  -2.307638884E+00
1.378234125E+01  -1.545845032E+00
1.380132744E+01  -7.634553909E-01
1.382031363E+01  -1.268510371E-01
1.383929983E+01  5.970303416E-01
1.385828602E+01  1.562376022E+00
1.387727222E+01  2.497939587E+00
1.389625841E+01  3.777382612E+00
1.391524460E+01  4.916589260E+00
1.393423080E+01  5.860483646E+00
1.395321699E+01  6.592923164E+00
1.397220318E+01  7.714579105E+00
1.399118938E+01  9.079319000E+00
1.401017557E+01  1.033416843E+01
1.402916176E+01  1.140678310E+01
1.404814796E+01  1.221754646E+01
1.406713415E+01  1.320578194E+01
1.408612034E+01  1.407217216E+01
1.410510654E+01  1.495162106E+01
1.412409273E+01  1.507166100E+01
1.414307893E+01  1.542006493E+01
1.416206512E+01  1.537454891E+01
1.418105131E+01  1.505987453E+01
1.420003751E+01  1.426271629E+01
1.421902370E+01  1.319498539E+01
1.423800989E+01  1.187589455E+01
1.425699609E+01  1.037490749E+01
1.427598228E+01  9.103182793E+00
1.429496847E+01  7.921742916E+00
1.431395467E+01  6.786569118E+00
1.433294086E+01  5.516837120E+00
1.435192706E+01  4.666606903E+00
1.437091325E+01  3.892832041E+00
1.438989944E+01  2.812278032E+00
1.440888564E+01  2.077436686E+00
1.442787183E+01  1.855024934E+00
1.444685802E+01  1.894909024E+00
1.446584422E+01  1.624784827E+00
1.448483041E+01  1.111817479E+00
1.450381660E+01  2.457005978E-01
1.452280280E+01  -4.865185544E-02
1.454178899E+01  -2.281590551E-01
1.456077518E+01  -2.530031800E-01
1.457976138E+01  -3.794155121E-01
1.459874757E+01  -7.627240568E-02
1.461773377E+01  -1.360599790E-02
1.463671996E+01  -3.252390325E-01
1.465570615E+01  -5.339105725E-01
1.467469235E+01  -5.113139749E-01
1.469367854E+01  -6.056151390E-01
1.471266473E+01  -4.679915905E-01
1.473165093E+01  -2.582297325E-01
1.475063712E+01  -1.273460239E-01
1.476962331E+01  -2.375921011E-01
1.478860951E+01  -4.525493085E-01
1.480759570E+01  -3.956927955E-01
1.482658190E+01  -7.369522452E-01
1.484556809E+01  -7.526795864E-01
1.486455428E+01  -6.485103965E-01
1.488354048E+01  -1.371386647E-01
1.490252667E+01  1.056581549E-02
1.492151286E+01  2.448384762E-01
1.494049906E+01  2.392472774E-01
1.495948525E+01  1.069550887E-01
1.497847144E+01  1.860881783E-02
1.499745764E+01  8.820334822E-02
1.501644383E+01  3.764688373E-01
1.503543002E+01  6.800094247E-01
1.505441622E+01  6.540906429E-01
1.507340241E+01  8.475059867E-01
1.509238861E+01  8.134777546E-01
1.511137480E+01  1.105888724E+00
1.513036099E+01  8.620305061E-01
1.514934719E+01  6.611098647E-01
1.516833338E+01  6.851984262E-01
1.518731957E+01  1.207377791E+00
1.520630577E+01  1.409336329E+00
1.522529196E+01  1.223243594E+00
1.524427815E+01  8.685247898E-01
1.526326435E+01  3.662965596E-01
1.528225054E+01  3.914496601E-01
1.530123674E+01  7.425138950E-01
1.532022293E+01  5.224608779E-01
1.533920912E+01  4.460173547E-01
1.535819532E+01  4.601041675E-01
1.537718151E+01  8.326958865E-02
1.539616770E+01  -1.048836783E-01
1.541515390E+01  -2.191748321E-01
1.543414009E+01  -1.573292464E-01
1.545312628E+01  2.291246802E-01
1.547211248E+01  4.701077938E-01
1.549109867E+01  3.337879777E-01
1.551008486E+01  2.323737890E-01
1.552907106E+01  2.460569441E-01
1.554805725E+01  3.775606751E-01
1.556704345E+01  4.837665260E-01
1.558602964E+01  6.540875435E-01
1.560501583E+01  8.429614902E-01
1.562400203E+01  5.027255416E-01
1.564298822E+01  2.964006364E-01
1.566197441E+01  5.701199770E-01
1.568096061E+01  6.193035245E-01
1.569994680E+01  6.900323033E-01
1.571893299E+01  5.935500860E-01
1.573791919E+01  6.740680337E-01
1.575690538E+01  7.318751812E-01
1.577589158E+01  1.087959766E+00
1.579487777E+01  1.745507479E+00
1.581386396E+01  2.148720741E+00
1.583285016E+01  2.323213816E+00
1.585183635E+01  2.213842392E+00
1.587082254E+01  2.713372469E+00
1.588980874E+01  3.325032473E+00
1.590879493E+01  4.368855476E+00
1.592778112E+01  5.649020672E+00
1.594676732E+01  7.315699577E+00
1.596575351E+01  8.479021072E+00
1.598473970E+01  9.869760513E+00
1.600372590E+01  1.156904125E+01
1.602271209E+01  1.349605370E+01
1.604169829E+01  1.571290398E+01
1.606068448E+01  1.821283340E+01
1.607967067E+01  2.067602158E+01
1.609865687E+01  2.351974487E+01
1.611764306E+01  2.617089081E+01
1.613662925E+01  2.914539719E+01
1.615561545E+01  3.177948952E+01
1.617460164E+01  3.459170532E+01
1.619358783E+01  3.707661819E+01
1.621257403E+01  3.824869919E+01
1.623156022E+01  3.931996155E+01
1.625054642E+01  3.973480225E+01
1.626953261E+01  3.945359421E+01
1.628851880E+01  3.884516525E+01
1.630750500E+01  3.754479980E+01
1.632649119E+01  3.613776779E+01
1.634547738E+01  3.395278549E+01
1.636446358E+01  3.236083984E+01
1.638344977E+01  3.037612724E+01
1.640243596E+01  2.865287590E+01
1.642142216E+01  2.675806427E+01
1.644040835E+01  2.538637161E+01
1.645939455E+01  2.445316505E+01
1.647838074E+01  2.376000595E+01
1.649736693E+01  2.397347641E+01
1.651635313E+01  2.472800827E+01
1.653533932E+01  2.634603119E+01
1.655432551E+01  2.901969147E+01
1.657331171E+01  3.145015526E+01
1.659229790E+01  3.431492233E+01
1.661128409E+01  3.682966614E+01
1.663027029E+01  3.858784103E+01
1.664925648E+01  4.043263626E+01
1.666824267E+01  4.154291534E+01
1.668722887E+01  4.309103775E+01
1.670621506E+01  4.282252884E+01
1.672520126E+01  4.221432114E+01
1.674418745E+01  4.037294006E+01
1.676317364E+01  3.720347214E+01
1.678215984E+01  3.264416122E+01
1.680114603E+01  2.753312874E+01
1.682013222E+01  2.307603836E+01
1.683911842E+01  1.909059143E+01
1.685810461E+01  1.508281898E+01
1.687709080E+01  1.232133389E+01
1.689607700E+01  1.029948139E+01
1.691506319E+01  8.793902397E+00
1.693404939E+01  7.295175552E+00
1.695303558E+01  6.102359295E+00
1.697202177E+01  5.552722931E+00
1.699100797E+01  5.143618584E+00
1.700999416E+01  4.522490978E+00
1.702898035E+01  4.046271324E+00
1.704796655E+01  3.333821774E+00
1.706695274E+01  2.939282179E+00
1.708593893E+01  2.459752321E+00
1.710492513E+01  2.287204504E+00
1.712391132E+01  1.925013781E+00
1.714289751E+01  1.563538194E+00
1.716188371E+01  9.257023931E-01
1.718086990E+01  5.372789502E-01
1.719985610E+01  3.886337876E-01
1.721884229E+01  5.509389639E-01
1.723782848E+01  3.465235233E-01
1.725681468E+01  -5.739921331E-01
1.727580087E+01  -1.106923938E+00
1.729478706E+01  -1.240582943E+00
1.731377326E+01  -1.585593462E+00
1.733275945E+01  -1.430527449E+00
1.735174564E+01  -1.368353605E+00
1.737073184E+01  -1.043294668E+00
1.738971803E+01  -1.140360951E+00
1.740870423E+01  -1.144003272E+00
1.742769042E+01  -9.520666003E-01
1.744667661E+01  -9.551836252E-01
1.746566281E+01  -4.505950511E-01
1.748464900E+01  -3.704932332E-02
1.750363519E+01  4.416829944E-01
1.752262139E+01  9.045425653E-01
1.754160758E+01  9.192104936E-01
1.756059377E+01  1.057405949E+00
1.757957997E+01  1.239075541E+00
1.759856616E+01  1.988462567E+00
1.761755235E+01  2.708776951E+00
1.763653855E+01  3.497300863E+00
1.765552474E+01  4.500151157E+00
1.767451094E+01  5.679595470E+00
1.769349713E+01  7.381704330E+00
1.771248332E+01  9.186856270E+00
1.773146952E+01  1.144333839E+01
1.775045571E+01  1.469630432E+01
1.776944190E+01  1.899097061E+01
1.778842810E+01  2.390211868E+01
1.780741429E+01  2.980458641E+01
1.782640048E+01  3.691773987E+01
1.784538668E+01  4.537228012E+01
1.786437287E+01  5.397584152E+01
1.788335907E+01  6.153990936E+01
1.790234526E+01  6.762611389E+01
1.792133145E+01  7.246625519E+01
1.794031765E+01  7.575615692E+01
1.795930384E+01  7.886611938E+01
1.797829003E+01  8.179033661E+01
1.799727623E+01  8.505523682E+01
1.801626242E+01  8.873303986E+01
1.803524861E+01  9.341950989E+01
1.805423481E+01  9.867872620E+01
1.807322100E+01  1.041339493E+02
1.809220719E+01  1.096367874E+02
1.811119339E+01  1.155859375E+02
1.813017958E+01  1.214070969E+02
1.814916578E+01  1.268351135E+02
1.816815197E+01  1.297875977E+02
1.818713816E+01  1.294200439E+02
1.820612436E+01  1.252795029E+02
1.822511055E+01  1.181022568E+02
1.824409674E+01  1.091900558E+02
1.826308294E+01  9.940328217E+01
1.828206913E+01  8.996485138E+01
1.830105532E+01  8.090296936E+01
1.832004152E+01  7.298277283E+01
1.833902771E+01  6.582520294E+01
1.835801391E+01  6.003142929E+01
1.837700010E+01  5.535233688E+01
1.839598629E+01  5.206552887E+01
1.841497249E+01  4.903113174E+01
1.843395868E+01  4.668552399E+01
1.845294487E+01  4.402392578E+01
1.847193107E+01  4.071793365E+01
1.849091726E+01  3.751769638E+01
1.850990345E+01  3.456786346E+01
1.852888965E+01  3.157078171E+01
1.854787584E+01  2.857632256E+01
1.856686203E+01  2.553394508E+01
1.858584823E+01  2.292855453E+01
1.860483442E+01  2.064397812E+01
1.862382062E+01  1.821493530E+01
1.864280681E+01  1.631635666E+01
1.866179300E+01  1.454514790E+01
1.868077920E+01  1.316970253E+01
1.869976539E+01  1.197500706E+01
1.871875158E+01  1.124161148E+01
1.873773778E+01  1.074855709E+01
1.875672397E+01  1.056680965E+01
1.877571016E+01  9.948534966E+00
1.879469636E+01  9.529021263E+00
1.881368255E+01  9.063834190E+00
1.883266875E+01  8.709526062E+00
1.885165494E+01  8.437065125E+00
1.887064113E+01  8.052886009E+00
1.888962733E+01  7.861901760E+00
1.890861352E+01  7.621010303E+00
1.892759971E+01  7.690215588E+00
1.894658591E+01  8.004521370E+00
1.896557210E+01  8.621215820E+00
1.898455829E+01  8.849009514E+00
1.900354449E+01  8.879409790E+00
1.902253068E+01  9.019142151E+00
1.904151687E+01  9.640227318E+00
1.906050307E+01  1.047849655E+01
1.907948926E+01  1.120896053E+01
1.909847546E+01  1.116020870E+01
1.911746165E+01  1.095120144E+01
1.913644784E+01  1.106469822E+01
1.915543404E+01  1.182384872E+01
1.917442023E+01  1.221832180E+01
1.919340642E+01  1.212021255E+01
1.921239262E+01  1.208348560E+01
1.923137881E+01  1.180683422E+01
1.925036500E+01  1.139692497E+01
1.926935120E+01  1.038821888E+01
1.928833739E+01  9.542322159E+00
1.930732359E+01  8.688665390E+00
1.932630978E+01  8.153480530E+00
1.934529597E+01  7.445082664E+00
1.936428217E+01  6.391650677E+00
1.938326836E+01  5.263412952E+00
1.940225455E+01  4.162425995E+00
1.942124075E+01  3.049701691E+00
1.944022694E+01  2.138611794E+00
1.945921313E+01  1.747261643E+00
1.947819933E+01  1.379270792E+00
1.949718552E+01  7.033581734E-01
1.951617172E+01  2.411794662E-01
1.953515791E+01  6.993443519E-02
1.955414410E+01  9.594327956E-02
1.957313030E+01  6.334517896E-02
1.959211649E+01  -1.732717454E-01
1.961110268E+01  -2.767381668E-01
1.963008888E+01  9.232021868E-02
1.964907507E+01  7.063608766E-01
1.966806126E+01  1.634130120E+00
1.968704746E+01  2.707856894E+00
1.970603365E+01  3.868849277E+00
1.972501984E+01  5.625029564E+00
1.974400604E+01  7.618514061E+00
1.976299223E+01  9.849063873E+00
1.978197843E+01  1.191567612E+01
1.980096462E+01  1.430465317E+01
1.981995081E+01  1.703823853E+01
1.983893701E+01  1.949316788E+01
1.985792320E+01  2.174804688E+01
1.987690939E+01  2.379790497E+01
1.989589559E+01  2.575681686E+01
1.991488178E+01  2.741578865E+01
1.993386797E+01  2.828119278E+01
1.995285417E+01  2.825539589E+01
1.997184036E+01  2.794770432E+01
1.999082656E+01  2.773023415E+01
2.000981275E+01  2.781595039E+01
2.002879894E+01  2.824040604E+01
2.004778514E+01  2.944142723E+01
2.006677133E+01  3.127389145E+01
2.008575752E+01  3.322756577E+01
2.010474372E+01  3.525862122E+01
2.012372991E+01  3.698076248E+01
2.014271610E+01  3.838642883E+01
2.016170230E+01  3.981158066E+01
2.018068849E+01  4.061574554E+01
2.019967468E+01  4.094730759E+01
2.021866088E+01  4.067141342E+01
2.023764707E+01  3.992005157E+01
2.025663327E+01  3.893177795E+01
2.027561946E+01  3.734445190E+01
2.029460565E+01  3.576156235E+01
2.031359185E+01  3.428225327E+01
2.033257804E+01  3.397066498E+01
2.035156423E+01  3.348493958E+01
2.037055043E+01  3.248862839E+01
2.038953662E+01  3.096636963E+01
2.040852281E+01  3.023044395E+01
2.042750901E+01  2.943253326E+01
2.044649520E+01  2.874395943E+01
2.046548140E+01  2.795421791E+01
2.048446759E+01  2.699555588E+01
2.050345378E+01  2.558255005E+01
2.052243998E+01  2.454342651E+01
2.054142617E+01  2.380206490E+01
2.056041236E+01  2.324231148E+01
2.057939856E+01  2.232143593E+01
2.059838475E+01  2.126658821E+01
2.061737094E+01  2.025021172E+01
2.063635714E+01  1.930136490E+01
2.065534333E+01  1.837199020E+01
2.067432952E+01  1.746683121E+01
2.069331572E+01  1.689144707E+01
2.071230191E+01  1.634136963E+01
2.073128811E+01  1.565383816E+01
2.075027430E+01  1.501329708E+01
2.076926049E+01  1.430550385E+01
2.078824669E+01  1.349083900E+01
2.080723288E+01  1.335274601E+01
2.082621907E+01  1.333252716E+01
2.084520527E+01  1.341756725E+01
2.086419146E+01  1.307796860E+01
2.088317765E+01  1.259628677E+01
2.090216385E+01  1.263555336E+01
2.092115004E+01  1.266517544E+01
2.094013624E+01  1.235934162E+01
2.095912243E+01  1.185301208E+01
2.097810862E+01  1.164428997E+01
2.099709482E+01  1.168473339E+01
2.101608101E+01  1.159126282E+01
2.103506720E+01  1.179217243E+01
2.105405340E+01  1.158580303E+01
2.107303959E+01  1.134304237E+01
2.109202578E+01  1.126050282E+01
2.111101198E+01  1.112294102E+01
2.112999817E+01  1.098190022E+01
2.114898436E+01  1.085315514E+01
2.116797056E+01  1.055103874E+01
2.118695675E+01  9.953577995E+00
2.120594295E+01  9.171433449E+00
2.122492914E+01  8.430172920E+00
2.124391533E+01  7.943011284E+00
2.126290153E+01  7.497248650E+00
2.128188772E+01  7.346906662E+00
2.130087391E+01  6.808735371E+00
2.131986011E+01  6.209771156E+00
2.133884630E+01  5.618443489E+00
2.135783249E+01  5.016011238E+00
2.137681869E+01  4.096749783E+00
2.139580488E+01  3.576548815E+00
2.141479108E+01  2.986863136E+00
2.143377727E+01  2.583178520E+00
2.145276346E+01  1.887468815E+00
2.147174966E+01  1.589586496E+00
2.149073585E+01  1.312833309E+00
2.150972204E+01  1.067187071E+00
2.152870824E+01  7.862517238E-01
2.154769443E+01  6.759167910E-01
2.156668062E+01  5.688750744E-01
2.158566682E+01  2.953314483E-01
2.160465301E+01  -1.008559018E-02
2.162363920E+01  -1.148853451E-01
2.164262540E+01  3.604384139E-02
2.166161159E+01  -6.799649447E-02
2.168059779E+01  -1.195538491E-01
2.169958398E+01  -2.829303741E-01
2.171857017E+01  -2.078361958E-01
2.173755637E+01  -4.618972540E-01
2.175654256E+01  -3.977112174E-01
2.177552875E+01  -4.303279519E-01
2.179451495E+01  -2.217206508E-01
2.181350114E+01  -4.360671341E-01
2.183248733E+01  -5.234438777E-01
2.185147353E+01  -5.354890227E-01
2.187045972E+01  -5.159567595E-01
2.188944592E+01  -4.216690660E-01
2.190843211E+01  -1.416437328E-01
2.192741830E+01  8.425445855E-02
2.194640450E+01  2.133820802E-01
2.196539069E+01  3.471947014E-01
2.198437688E+01  5.747752786E-01
2.200336308E+01  9.214482307E-01
2.202234927E+01  1.335424662E+00
2.204133546E+01  1.386390686E+00
2.206032166E+01  1.496511936E+00
2.207930785E+01  1.631497145E+00
2.209829405E+01  1.819953442E+00
2.211728024E+01  1.713795185E+00
2.213626643E+01  1.881173134E+00
2.215525263E+01  1.756232738E+00
2.217423882E+01  1.533231974E+00
2.219322501E+01  1.387212634E+00
2.221221121E+01  1.436469793E+00
2.223119740E+01  1.447621703E+00
2.225018359E+01  1.400629044E+00
2.226916979E+01  1.700510859E+00
2.228815598E+01  1.958300948E+00
2.230714217E+01  2.377702475E+00
2.232612837E+01  2.802144051E+00
2.234511456E+01  3.115552664E+00
2.236410076E+01  3.105363131E+00
2.238308695E+01  2.960232973E+00
2.240207314E+01  2.839348078E+00
2.242105934E+01  2.907082796E+00
2.244004553E+01  3.025921583E+00
2.245903172E+01  3.132111311E+00
2.247801792E+01  3.222234964E+00
2.249700411E+01  3.065362930E+00
2.251599030E+01  2.776038647E+00
2.253497650E+01  2.573042870E+00
2.255396269E+01  2.536059380E+00
2.257294889E+01  2.639923334E+00
2.259193508E+01  2.477292299E+00
2.261092127E+01  2.319132328E+00
2.262990747E+01  2.071926355E+00
2.264889366E+01  1.731293678E+00
2.266787985E+01  1.359461665E+00
2.268686605E+01  1.101400018E+00
2.270585224E+01  1.089557767E+00
2.272483843E+01  1.187550664E+00
2.274382463E+01  1.409398079E+00
2.276281082E+01  1.548697114E+00
2.278179701E+01  1.392449617E+00
2.280078321E+01  1.280476689E+00
2.281976940E+01  1.319737673E+00
2.283875560E+01  1.400831342E+00
2.285774179E+01  1.486652851E+00
2.287672798E+01  1.292930007E+00
2.289571418E+01  1.072160482E+00
2.291470037E+01  7.142054439E-01
2.293368656E+01  5.261110663E-01
2.295267276E+01  3.230176568E-01
2.297165895E+01  1.920043230E-01
2.299064514E+01  -1.517514884E-01
2.300963134E+01  -1.414891034E-01
2.302861753E+01  -3.423035145E-01
2.304760373E+01  -3.289467394E-01
2.306658992E+01  -2.635940611E-01
2.308557611E+01  -6.333009899E-02
2.310456231E+01  -1.457825955E-02
2.312354850E+01  -2.235445660E-03
2.314253469E+01  -6.766965240E-02
2.316152089E+01  -4.449937027E-03
2.318050708E+01  -6.893447042E-02
2.319949327E+01  2.764188498E-02
2.321847947E+01  4.708785564E-02
2.323746566E+01  3.668389097E-02
2.325645185E+01  4.468761384E-02
2.327543805E+01  3.799225092E-01
2.329442424E+01  3.116207719E-01
2.331341044E+01  2.584163547E-01
2.333239663E+01  3.250455111E-02
2.335138282E+01  2.933332026E-01
2.337036902E+01  3.846067488E-01
2.338935521E+01  2.610771060E-01
2.340834140E+01  6.399659067E-02
2.342732760E+01  -6.070442870E-02
2.344631379E+01  2.746241726E-02
2.346529998E+01  2.802637406E-02
2.348428618E+01  2.042519897E-01
2.350327237E+01  1.798521280E-01
2.352225857E+01  1.808575094E-01
2.354124476E+01  1.665526032E-01
2.356023095E+01  2.454981357E-01
2.357921715E+01  5.293592811E-01
2.359820334E+01  6.114079356E-01
2.361718953E+01  4.914098382E-01
2.363617573E+01  3.936216533E-01
2.365516192E+01  1.576872319E-01
2.367414811E+01  1.207686514E-01
2.369313431E+01  -9.437519312E-02
2.371212050E+01  -9.699404985E-02
2.373110669E+01  -1.334074438E-01
2.375009289E+01  1.188222170E-01
2.376907908E+01  3.490023613E-01
2.378806528E+01  5.418003798E-01
2.380705147E+01  4.595614970E-01
2.382603766E+01  4.919129610E-01
2.384502386E+01  6.790754795E-01
2.386401005E+01  7.990768552E-01
2.388299624E+01  8.695392609E-01
2.390198244E+01  4.701510966E-01
2.392096863E+01  4.207088351E-01
2.393995482E+01  2.348285615E-01
2.395894102E+01  3.086574674E-01
2.397792721E+01  4.533049092E-02
2.399691341E+01  -1.771003008E-01
2.401589960E+01  -2.374288142E-01
2.403488579E+01  -1.591336876E-01
2.405387199E+01  5.821874738E-02
2.407285818E+01  -1.083286759E-02
2.409184437E+01  5.059721321E-02
2.411083057E+01  7.938713580E-02
2.412981676E+01  2.148742080E-01
2.414880295E+01  3.702961653E-02
2.416778915E+01  -3.362245858E-02
2.418677534E+01  -5.956215411E-02
2.420576153E+01  -8.663235232E-03
2.422474773E+01  -1.640401483E-01
2.424373392E+01  1.155722812E-01
