2.827307538E+00  3.588047624E-01
2.846293732E+00  5.294049978E-01
2.865279926E+00  7.862810493E-01
2.884266119E+00  7.178919315E-01
2.903252313E+00  8.165103793E-01
2.922238506E+00  9.676509500E-01
2.941224700E+00  1.448424935E+00
2.960210894E+00  1.276764750E+00
2.979197087E+00  1.092571139E+00
2.998183281E+00  7.038391232E-01
3.017169474E+00  3.882872686E-02
3.036155668E+00  1.548619717E-01
3.055141862E+00  4.157719314E-01
3.074128055E+00  1.018323541E+00
3.093114249E+00  1.179082632E+00
3.112100442E+00  1.389798045E+00
3.131086636E+00  1.415396333E+00
3.150072830E+00  1.023894310E+00
3.169059023E+00  1.228207111E+00
3.188045217E+00  7.994205356E-01
3.207031410E+00  1.349364281E+00
3.226017604E+00  1.728422403E+00
3.245003798E+00  1.604748964E+00
3.263989991E+00  1.390718222E+00
3.282976185E+00  1.577008009E+00
3.301962378E+00  2.055480003E+00
3.320948572E+00  2.669326067E+00
3.339934766E+00  3.098426104E+00
3.358920959E+00  3.837980509E+00
3.377907153E+00  5.193336964E+00
3.396893346E+00  8.580485344E+00
3.415879540E+00  1.365067863E+01
3.434865734E+00  1.857817078E+01
3.453851927E+00  2.876434708E+01
3.472838121E+00  3.272368622E+01
3.491824314E+00  2.777165413E+01
3.510810508E+00  1.509154224E+01
3.529796702E+00  1.141590500E+01
3.548782895E+00  1.166737843E+01
3.567769089E+00  1.181565189E+01
3.586755282E+00  1.009989357E+01
3.605741476E+00  2.147605181E+00
3.624727670E+00  1.430482268E+00
3.643713863E+00  9.230722785E-01
3.662700057E+00  6.566641927E-01
3.681686250E+00  3.190730810E-01
3.700672444E+00  4.372822046E-01
3.719658638E+00  7.108471990E-01
3.738644831E+00  6.597154140E-01
3.757631025E+00  6.020723581E-01
3.776617218E+00  5.706903338E-01
3.795603412E+00  7.176616788E-01
3.814589606E+00  5.288198590E-01
3.833575799E+00  6.838164926E-01
3.852561993E+00  6.214076281E-01
3.871548186E+00  8.677029014E-01
3.890534380E+00  1.200907946E+00
3.909520574E+00  1.301102400E+00
3.928506767E+00  1.600567460E+00
3.947492961E+00  1.172673821E+00
3.966479154E+00  7.856855392E-01
3.985465348E+00  3.956963122E-01
4.004451542E+00  6.155903935E-01
4.023437735E+00  6.707249880E-01
4.042423929E+00  9.624728560E-01
4.061410122E+00  1.298370242E+00
4.080396316E+00  1.331275225E+00
4.099382510E+00  1.452713609E+00
4.118368703E+00  1.264802814E+00
4.137354897E+00  8.448804617E-01
4.156341091E+00  3.644992411E-01
4.175327284E+00  4.942915738E-01
4.194313478E+00  4.555751681E-01
4.213299671E+00  5.478631258E-01
4.232285865E+00  2.736015618E-01
4.251272059E+00  6.494606733E-01
4.270258252E+00  9.478780031E-01
4.289244446E+00  5.469706655E-01
4.308230639E+00  6.725990176E-01
4.327216833E+00  3.049383163E-01
4.346203027E+00  6.392813921E-01
4.365189220E+00  7.424468994E-01
4.384175414E+00  9.759592414E-01
4.403161607E+00  8.573268056E-01
4.422147801E+00  5.565159917E-01
4.441133995E+00  9.688436389E-01
4.460120188E+00  7.053527832E-01
4.479106382E+00  2.887573242E-01
4.498092575E+00  2.880145237E-02
4.517078769E+00  2.203138322E-01
4.536064963E+00  5.092013478E-01
4.555051156E+00  3.281919658E-01
4.574037350E+00  2.358219326E-01
4.593023543E+00  -2.755060606E-02
4.612009737E+00  -1.823866665E-01
4.630995931E+00  -8.191988617E-02
4.649982124E+00  -1.541762799E-01
4.668968318E+00  1.511221975E-01
4.687954511E+00  3.373292983E-01
4.706940705E+00  3.986632824E-01
4.725926899E+00  7.979203463E-01
4.744913092E+00  1.165545344E+00
4.763899286E+00  1.174084783E+00
4.782885479E+00  1.123118758E+00
4.801871673E+00  1.384601831E+00
4.820857867E+00  1.551634431E+00
4.839844060E+00  1.649684906E+00
4.858830254E+00  1.261767030E+00
4.877816447E+00  8.458608985E-01
4.896802641E+00  9.233661890E-01
4.915788835E+00  1.079107285E+00
4.934775028E+00  1.069081545E+00
4.953761222E+00  4.170819223E-01
4.972747415E+00  2.563006878E-01
4.991733609E+00  1.238433346E-01
5.010719803E+00  2.583258450E-01
5.029705996E+00  1.905408502E-02
5.048692190E+00  5.953955650E-01
5.067678383E+00  7.039907575E-01
5.086664577E+00  1.229309797E+00
5.105650771E+00  1.088330507E+00
5.124636964E+00  1.022923112E+00
5.143623158E+00  1.213599205E+00
5.162609351E+00  8.517608643E-01
5.181595545E+00  3.832283914E-01
5.200581739E+00  -2.030931860E-01
5.219567932E+00  4.966769367E-02
5.238554126E+00  5.748813748E-01
5.257540319E+00  8.477585912E-01
5.276526513E+00  8.360692859E-01
5.295512707E+00  3.619642854E-01
5.314498900E+00  3.622356355E-01
5.333485094E+00  7.293726206E-01
5.352471287E+00  1.157119751E+00
5.371457481E+00  1.228161573E+00
5.390443675E+00  5.450201035E-01
5.409429868E+00  1.058264002E-01
5.428416062E+00  8.351803571E-02
5.447402255E+00  4.865525067E-01
5.466388449E+00  3.912448287E-01
5.485374643E+00  3.356953263E-01
5.504360836E+00  6.513081789E-01
5.523347030E+00  9.403819442E-01
5.542333223E+00  1.171146154E+00
5.561319417E+00  8.180392981E-01
5.580305611E+00  7.138695717E-01
5.599291804E+00  4.153109491E-01
5.618277998E+00  2.693413496E-01
5.637264192E+00  -6.579133123E-02
5.656250385E+00  2.739496529E-02
5.675236579E+00  5.804948807E-01
5.694222772E+00  7.085558176E-01
5.713208966E+00  7.655925751E-01
5.732195160E+00  3.014170825E-01
5.751181353E+00  5.459329486E-01
5.770167547E+00  3.717010915E-01
5.789153740E+00  3.958942294E-01
5.808139934E+00  4.190885127E-01
5.827126128E+00  7.376055121E-01
5.846112321E+00  9.547706246E-01
5.865098515E+00  1.093410611E+00
5.884084708E+00  1.000037789E+00
5.903070902E+00  1.149379969E+00
5.922057096E+00  1.017131805E+00
5.941043289E+00  1.123971820E+00
5.960029483E+00  1.262196422E+00
5.979015676E+00  8.929787278E-01
5.998001870E+00  4.119439721E-01
6.016988064E+00  8.877218515E-02
6.035974257E+00  -1.968268454E-01
6.054960451E+00  -2.129891962E-01
6.073946644E+00  -6.794346124E-02
6.092932838E+00  4.586321861E-02
6.111919032E+00  2.022595555E-01
6.130905225E+00  6.223168373E-01
6.149891419E+00  9.579651356E-01
6.168877612E+00  8.418607712E-01
6.187863806E+00  4.407331944E-01
6.206850000E+00  5.234184489E-02
6.225836193E+00  3.415479660E-01
6.244822387E+00  5.455487370E-01
6.263808580E+00  1.090686679E+00
6.282794774E+00  8.186960220E-01
6.301780968E+00  5.490382910E-01
6.320767161E+00  2.001531571E-01
6.339753355E+00  2.594941556E-01
6.358739548E+00  3.230223954E-01
6.377725742E+00  2.004200071E-01
6.396711936E+00  4.676908553E-01
6.415698129E+00  6.976023912E-01
6.434684323E+00  1.456637144E+00
6.453670516E+00  1.821246505E+00
6.472656710E+00  2.161178112E+00
6.491642904E+00  3.364118338E+00
6.510629097E+00  6.048279285E+00
6.529615291E+00  1.042281342E+01
6.548601484E+00  1.630356026E+01
6.567587678E+00  2.329796791E+01
6.586573872E+00  3.007664299E+01
6.605560065E+00  3.302263260E+01
6.624546259E+00  3.058635521E+01
6.643532452E+00  2.542253494E+01
6.662518646E+00  1.940081215E+01
6.681504840E+00  1.513758659E+01
6.700491033E+00  1.174831200E+01
6.719477227E+00  9.936459541E+00
6.738463420E+00  9.101544380E+00
6.757449614E+00  9.963572502E+00
6.776435808E+00  1.314344978E+01
6.795422001E+00  1.914610672E+01
6.814408195E+00  2.999730110E+01
6.833394388E+00  4.734238434E+01
6.852380582E+00  7.093018341E+01
6.871366776E+00  1.019592514E+02
6.890352969E+00  1.257557297E+02
6.909339163E+00  1.349034576E+02
6.928325356E+00  1.254269409E+02
6.947311550E+00  1.055610199E+02
6.966297744E+00  8.298735809E+01
6.985283937E+00  6.323760223E+01
7.004270131E+00  4.632822037E+01
7.023256325E+00  3.411548233E+01
7.042242518E+00  2.470882988E+01
7.061228712E+00  1.802231216E+01
7.080214905E+00  1.316417599E+01
7.099201099E+00  9.221409798E+00
7.118187293E+00  6.643184662E+00
7.137173486E+00  5.324333668E+00
7.156159680E+00  4.143684387E+00
7.175145873E+00  2.905971289E+00
7.194132067E+00  1.506433010E+00
7.213118261E+00  1.094419956E+00
7.232104454E+00  8.239312768E-01
7.251090648E+00  8.254802823E-01
7.270076841E+00  5.158206224E-01
7.289063035E+00  5.780215263E-01
7.308049229E+00  4.934384525E-01
7.327035422E+00  7.421714067E-01
7.346021616E+00  9.345076680E-01
7.365007809E+00  1.135708690E+00
7.383994003E+00  8.580182195E-01
7.402980197E+00  9.342159033E-01
7.421966390E+00  5.312317014E-01
7.440952584E+00  6.960933805E-01
7.459938777E+00  7.093381286E-01
7.478924971E+00  7.332392335E-01
7.497911165E+00  4.545701146E-01
7.516897358E+00  4.100607634E-01
7.535883552E+00  1.587634087E-01
7.554869745E+00  2.180431187E-01
7.573855939E+00  5.024829507E-01
7.592842133E+00  8.718279600E-01
7.611828326E+00  1.265125394E+00
7.630814520E+00  8.740649819E-01
7.649800713E+00  1.163394570E+00
7.668786907E+00  1.297524452E+00
7.687773101E+00  1.249474764E+00
7.706759294E+00  5.412297249E-01
7.725745488E+00  3.402019739E-01
7.744731681E+00  6.668327004E-02
7.763717875E+00  3.843811750E-01
7.782704069E+00  3.137282133E-01
7.801690262E+00  7.955034077E-02
7.820676456E+00  -1.107226536E-01
7.839662649E+00  -3.217604160E-01
7.858648843E+00  3.295859694E-02
7.877635037E+00  3.139308393E-01
7.896621230E+00  8.488918543E-01
7.915607424E+00  1.077450395E+00
7.934593617E+00  9.756149650E-01
7.953579811E+00  5.944247842E-01
7.972566005E+00  3.493602872E-01
7.991552198E+00  1.316366196E-01
8.010538392E+00  1.326024085E-01
8.029524585E+00  6.006032601E-02
8.048510779E+00  -7.233762741E-02
8.067496973E+00  1.637175530E-01
8.086483166E+00  3.844438493E-01
8.105469360E+00  7.053065300E-01
8.124455553E+00  4.471929669E-01
8.143441747E+00  6.078469753E-01
8.162427941E+00  2.807213068E-01
8.181414134E+00  3.931973875E-01
8.200400328E+00  1.283836514E-01
8.219386521E+00  3.797054291E-01
8.238372715E+00  5.276542306E-01
8.257358909E+00  3.614042997E-01
8.276345102E+00  6.572133303E-01
8.295331296E+00  6.635165811E-01
8.314317489E+00  3.806069493E-01
8.333303683E+00  -1.303176954E-02
8.352289877E+00  7.618556917E-02
8.371276070E+00  2.594875693E-01
8.390262264E+00  3.500604928E-01
8.409248457E+00  8.192385733E-02
8.428234651E+00  2.940009832E-01
8.447220845E+00  5.324483514E-01
8.466207038E+00  6.985629797E-01
8.485193232E+00  6.191452146E-01
8.504179426E+00  7.450957894E-01
8.523165619E+00  7.236248851E-01
8.542151813E+00  6.275199056E-01
8.561138006E+00  3.299968541E-01
8.580124200E+00  5.231373310E-01
8.599110394E+00  7.363100648E-01
8.618096587E+00  8.997885585E-01
8.637082781E+00  8.251781464E-01
8.656068974E+00  6.372887492E-01
8.675055168E+00  9.153127074E-01
8.694041362E+00  9.006677866E-01
8.713027555E+00  8.486388326E-01
8.732013749E+00  3.774401546E-01
8.750999942E+00  1.232012063E-01
8.769986136E+00  -2.657994032E-01
8.788972330E+00  -3.545963466E-01
8.807958523E+00  -4.789707959E-01
8.826944717E+00  -5.240749717E-01
8.845930910E+00  -5.475401878E-01
8.864917104E+00  -4.562191069E-01
8.883903298E+00  6.295129191E-03
8.902889491E+00  -2.606718838E-01
8.921875685E+00  -3.195523620E-01
8.940861878E+00  -6.915649772E-02
8.959848072E+00  -7.450842857E-02
8.978834266E+00  -1.808164716E-01
8.997820459E+00  -1.843283772E-01
9.016806653E+00  6.949179769E-01
9.035792846E+00  1.281749845E+00
9.054779040E+00  2.415994883E+00
9.073765234E+00  3.307930708E+00
9.092751427E+00  4.956158638E+00
9.111737621E+00  7.411653042E+00
9.130723814E+00  1.096476936E+01
9.149710008E+00  1.588994408E+01
9.168696202E+00  2.252798271E+01
9.187682395E+00  3.224290466E+01
9.206668589E+00  4.742206955E+01
9.225654782E+00  7.035150909E+01
9.244640976E+00  1.038521271E+02
9.263627170E+00  1.556233826E+02
9.282613363E+00  2.323409271E+02
9.301599557E+00  3.276260376E+02
9.320585750E+00  4.355345764E+02
9.339571944E+00  5.409144287E+02
9.358558138E+00  6.203054810E+02
9.377544331E+00  6.849192505E+02
9.396530525E+00  7.355208740E+02
9.415516718E+00  8.039266968E+02
9.434502912E+00  8.832810059E+02
9.453489106E+00  9.730244141E+02
9.472475299E+00  1.048516479E+03
9.491461493E+00  1.084091675E+03
9.510447686E+00  1.080128784E+03
9.529433880E+00  1.027000000E+03
9.548420074E+00  9.370751343E+02
9.567406267E+00  8.161196899E+02
9.586392461E+00  6.675061035E+02
9.605378654E+00  5.211783447E+02
9.624364848E+00  3.953966675E+02
9.643351042E+00  3.003252869E+02
9.662337235E+00  2.298541260E+02
9.681323429E+00  1.774874878E+02
9.700309622E+00  1.370933838E+02
9.719295816E+00  1.049901657E+02
9.738282010E+00  7.828211975E+01
9.757268203E+00  5.722223663E+01
9.776254397E+00  4.181076431E+01
9.795240590E+00  3.009366035E+01
9.814226784E+00  2.179797745E+01
9.833212978E+00  1.607055283E+01
9.852199171E+00  1.111351585E+01
9.871185365E+00  7.642523289E+00
9.890171559E+00  4.754009247E+00
9.909157752E+00  2.870082617E+00
9.928143946E+00  2.173620701E+00
9.947130139E+00  1.980540037E+00
9.966116333E+00  2.828758001E+00
9.985102527E+00  2.601333380E+00
1.000408872E+01  2.592492819E+00
1.002307491E+01  3.485661030E+00
1.004206111E+01  4.243216038E+00
1.006104730E+01  5.557694435E+00
1.008003349E+01  6.595412731E+00
1.009901969E+01  7.654458523E+00
1.011800588E+01  7.630068302E+00
1.013699208E+01  7.218378067E+00
1.015597827E+01  8.582987785E+00
1.017496446E+01  8.890819550E+00
1.019395066E+01  1.456792927E+01
1.021293685E+01  1.743093109E+01
1.023192304E+01  2.030784416E+01
1.025090924E+01  1.982921410E+01
1.026989543E+01  1.960498619E+01
1.028888162E+01  1.510204697E+01
1.030786782E+01  1.325395107E+01
1.032685401E+01  1.422383499E+01
1.034584020E+01  1.623587608E+01
1.036482640E+01  1.929526520E+01
1.038381259E+01  2.346780014E+01
1.040279879E+01  2.770013618E+01
1.042178498E+01  3.264566803E+01
1.044077117E+01  3.785057068E+01
1.045975737E+01  4.284024811E+01
1.047874356E+01  4.578099060E+01
1.049772975E+01  4.832151413E+01
1.051671595E+01  4.820055771E+01
1.053570214E+01  4.893613815E+01
1.055468833E+01  4.603155899E+01
1.057367453E+01  4.387594604E+01
1.059266072E+01  4.082078934E+01
1.061164692E+01  3.799917603E+01
1.063063311E+01  3.544386292E+01
1.064961930E+01  3.545241928E+01
1.066860550E+01  3.653017426E+01
1.068759169E+01  3.779589081E+01
1.070657788E+01  3.909608841E+01
1.072556408E+01  4.200242615E+01
1.074455027E+01  4.375114059E+01
1.076353646E+01  4.637847137E+01
1.078252266E+01  4.732590103E+01
1.080150885E+01  4.747099686E+01
1.082049505E+01  4.610211563E+01
1.083948124E+01  4.393770218E+01
1.085846743E+01  4.199905396E+01
1.087745363E+01  3.959576035E+01
1.089643982E+01  3.760611343E+01
1.091542601E+01  3.435126877E+01
1.093441221E+01  3.211426163E+01
1.095339840E+01  2.859724236E+01
1.097238459E+01  2.609976578E+01
1.099137079E+01  2.286755943E+01
1.101035698E+01  2.019808006E+01
1.102934317E+01  1.801110840E+01
1.104832937E+01  1.565086174E+01
1.106731556E+01  1.368488693E+01
1.108630176E+01  1.156434441E+01
1.110528795E+01  9.741886139E+00
1.112427414E+01  8.085889816E+00
1.114326034E+01  6.116216660E+00
1.116224653E+01  4.783918381E+00
1.118123272E+01  3.434108019E+00
1.120021892E+01  2.450019836E+00
1.121920511E+01  1.631464005E+00
1.123819130E+01  8.043128252E-01
1.125717750E+01  2.127480209E-01
1.127616369E+01  -3.484869301E-01
1.129514989E+01  -3.116093278E-01
1.131413608E+01  -4.575390369E-02
1.133312227E+01  9.926873446E-02
1.135210847E+01  4.237284958E-01
1.137109466E+01  3.694341481E-01
1.139008085E+01  8.987801075E-01
1.140906705E+01  1.607313275E+00
1.142805324E+01  2.434047222E+00
1.144703943E+01  2.680583954E+00
1.146602563E+01  2.365317345E+00
1.148501182E+01  1.927628160E+00
1.150399801E+01  8.806400895E-01
1.152298421E+01  3.220397234E-01
1.154197040E+01  -6.053526402E-01
1.156095660E+01  -1.130849838E+00
1.157994279E+01  -1.536257505E+00
1.159892898E+01  -1.322012067E+00
1.161791518E+01  -9.397577047E-01
1.163690137E+01  -6.464118958E-01
1.165588756E+01  -5.062738657E-01
1.167487376E+01  -4.506455734E-03
1.169385995E+01  6.732589602E-01
1.171284614E+01  7.635849714E-01
1.173183234E+01  1.044716239E+00
1.175081853E+01  1.494687438E+00
1.176980473E+01  2.430052042E+00
1.178879092E+01  2.750705957E+00
1.180777711E+01  3.050997019E+00
1.182676331E+01  3.254578590E+00
1.184574950E+01  3.305489779E+00
1.186473569E+01  3.904555559E+00
1.188372189E+01  3.849088669E+00
1.190270808E+01  4.469025612E+00
1.192169427E+01  4.481048584E+00
1.194068047E+01  4.756204605E+00
1.195966666E+01  4.225310326E+00
1.197865285E+01  4.316326141E+00
1.199763905E+01  4.033086777E+00
1.201662524E+01  3.589862585E+00
1.203561144E+01  3.822916031E+00
1.205459763E+01  3.895209789E+00
1.207358382E+01  3.921172857E+00
1.209257002E+01  3.842215538E+00
1.211155621E+01  3.915082932E+00
1.213054240E+01  4.147644043E+00
1.214952860E+01  4.126369953E+00
1.216851479E+01  5.041632652E+00
1.218750098E+01  6.377108574E+00
1.220648718E+01  8.338715553E+00
1.222547337E+01  1.026896572E+01
1.224445957E+01  1.303595066E+01
1.226344576E+01  1.642157745E+01
1.228243195E+01  2.095820045E+01
1.230141815E+01  2.720280457E+01
1.232040434E+01  3.621147537E+01
1.233939053E+01  5.909711456E+01
1.235837673E+01  7.602890015E+01
1.237736292E+01  1.962665100E+02
1.239634911E+01  2.647149353E+02
1.241533531E+01  3.780174866E+02
1.243432150E+01  4.398327332E+02
1.245330769E+01  4.419064331E+02
1.247229389E+01  3.069143372E+02
1.249128008E+01  2.399860077E+02
1.251026628E+01  2.062982178E+02
1.252925247E+01  1.551531067E+02
1.254823866E+01  1.425632324E+02
1.256722486E+01  1.162223892E+02
1.258621105E+01  1.062122040E+02
1.260519724E+01  9.525093079E+01
1.262418344E+01  8.728252411E+01
1.264316963E+01  8.427217102E+01
1.266215582E+01  7.817796326E+01
1.268114202E+01  7.718544769E+01
1.270012821E+01  7.334349823E+01
1.271911441E+01  7.201522064E+01
1.273810060E+01  7.040861511E+01
1.275708679E+01  6.836129761E+01
1.277607299E+01  6.798120880E+01
1.279505918E+01  6.555342865E+01
1.281404537E+01  6.453018188E+01
1.283303157E+01  6.049343872E+01
1.285201776E+01  5.804092789E+01
1.287100395E+01  5.338341904E+01
1.288999015E+01  5.018968964E+01
1.290897634E+01  4.663539886E+01
1.292796253E+01  4.298254395E+01
1.294694873E+01  4.102075958E+01
1.296593492E+01  3.811114120E+01
1.298492112E+01  3.669931793E+01
1.300390731E+01  3.478674698E+01
1.302289350E+01  3.351444626E+01
1.304187970E+01  3.221293259E+01
1.306086589E+01  3.127413177E+01
1.307985208E+01  3.065586472E+01
1.309883828E+01  3.055116653E+01
1.311782447E+01  3.058367348E+01
1.313681066E+01  3.140237427E+01
1.315579686E+01  3.268407059E+01
1.317478305E+01  3.549090195E+01
1.319376925E+01  4.105632401E+01
1.321275544E+01  4.991107941E+01
1.323174163E+01  6.838441467E+01
1.325072783E+01  1.012046356E+02
1.326971402E+01  1.521057892E+02
1.328870021E+01  2.261928558E+02
1.330768641E+01  2.775414734E+02
1.332667260E+01  3.062036438E+02
1.334565879E+01  2.802092285E+02
1.336464499E+01  2.213496399E+02
1.338363118E+01  1.546034698E+02
1.340261737E+01  1.076345901E+02
1.342160357E+01  6.908909607E+01
1.344058976E+01  4.563622284E+01
1.345957596E+01  2.731428337E+01
1.347856215E+01  1.710373306E+01
1.349754834E+01  1.032256699E+01
1.351653454E+01  6.327712059E+00
1.353552073E+01  3.903263092E+00
1.355450692E+01  2.866139412E+00
1.357349312E+01  1.789834619E+00
1.359247931E+01  1.728508353E+00
1.361146550E+01  1.036991954E+00
1.363045170E+01  8.847804070E-01
1.364943789E+01  1.171163201E+00
1.366842409E+01  1.260346651E+00
1.368741028E+01  2.047860146E+00
1.370639647E+01  3.039308310E+00
1.372538267E+01  4.617887497E+00
1.374436886E+01  6.156432629E+00
1.376335505E+01  7.590555191E+00
1.378234125E+01  8.836106300E+00
1.380132744E+01  1.021288967E+01
1.382031363E+01  1.150755405E+01
1.383929983E+01  1.214462090E+01
1.385828602E+01  1.324770355E+01
1.387727222E+01  1.326020527E+01
1.389625841E+01  1.296125221E+01
1.391524460E+01  1.175022984E+01
1.393423080E+01  1.092365170E+01
1.395321699E+01  9.458752632E+00
1.397220318E+01  8.472530365E+00
1.399118938E+01  7.298995018E+00
1.401017557E+01  6.171084881E+00
1.402916176E+01  5.257061958E+00
1.404814796E+01  3.956625938E+00
1.406713415E+01  3.035304308E+00
1.408612034E+01  2.134371758E+00
1.410510654E+01  1.447444081E+00
1.412409273E+01  7.407292128E-01
1.414307893E+01  2.947420478E-01
1.416206512E+01  1.379798502E-01
1.418105131E+01  -2.626296282E-01
1.420003751E+01  -4.127517343E-01
1.421902370E+01  -4.987877905E-01
1.423800989E+01  -6.484317183E-01
1.425699609E+01  -7.188456655E-01
1.427598228E+01  -7.974362969E-01
1.429496847E+01  -7.745919824E-01
1.431395467E+01  -4.364240766E-01
1.433294086E+01  -1.497635692E-01
1.435192706E+01  1.193157881E-01
1.437091325E+01  4.956530929E-01
1.438989944E+01  7.453266531E-02
1.440888564E+01  -2.983476818E-01
1.442787183E+01  -2.902890444E-01
1.444685802E+01  9.260242432E-02
1.446584422E+01  4.149152040E-01
1.448483041E+01  5.100668073E-01
1.450381660E+01  4.300861955E-01
1.452280280E+01  6.374763846E-01
1.454178899E+01  4.833625257E-01
1.456077518E+01  3.442087471E-01
1.457976138E+01  4.730279446E-01
1.459874757E+01  5.244652033E-01
1.461773377E+01  9.338390827E-01
1.463671996E+01  9.633581042E-01
1.465570615E+01  5.611727238E-01
1.467469235E+01  3.834982812E-01
1.469367854E+01  5.040540099E-01
1.471266473E+01  5.768259764E-01
1.473165093E+01  2.789659500E-01
1.475063712E+01  4.409508780E-02
1.476962331E+01  2.133175433E-01
1.478860951E+01  5.532228351E-01
1.480759570E+01  4.650961459E-01
1.482658190E+01  3.044041693E-01
1.484556809E+01  -1.602081656E-01
1.486455428E+01  -1.078822836E-01
1.488354048E+01  3.473017365E-03
1.490252667E+01  -1.542058289E-01
1.492151286E+01  -2.005872875E-01
1.494049906E+01  3.658948243E-01
1.495948525E+01  7.770174146E-01
1.497847144E+01  7.060854435E-01
1.499745764E+01  6.462408304E-01
1.501644383E+01  3.957366347E-01
1.503543002E+01  6.540963054E-01
1.505441622E+01  1.833062768E-01
1.507340241E+01  1.716582105E-02
1.509238861E+01  -4.672487825E-02
1.511137480E+01  -1.919602603E-01
1.513036099E+01  -3.458420336E-01
1.514934719E+01  -3.356292844E-01
1.516833338E+01  -7.838838547E-02
1.518731957E+01  3.407450020E-01
1.520630577E+01  6.492180824E-01
1.522529196E+01  9.565654397E-01
1.524427815E+01  8.034667969E-01
1.526326435E+01  9.275864959E-01
1.528225054E+01  9.003238082E-01
1.530123674E+01  2.159666538E+00
1.532022293E+01  2.521026373E+00
1.533920912E+01  3.546288013E+00
1.535819532E+01  4.462178707E+00
1.537718151E+01  5.071934223E+00
1.539616770E+01  5.932654858E+00
1.541515390E+01  6.718710899E+00
1.543414009E+01  7.479783535E+00
1.545312628E+01  8.758439064E+00
1.547211248E+01  8.987771988E+00
1.549109867E+01  9.676619530E+00
1.551008486E+01  9.985960960E+00
1.552907106E+01  1.011385918E+01
1.554805725E+01  1.010627556E+01
1.556704345E+01  9.745294571E+00
1.558602964E+01  9.203032494E+00
1.560501583E+01  9.027635574E+00
1.562400203E+01  8.259812355E+00
1.564298822E+01  7.596132755E+00
1.566197441E+01  7.197867393E+00
1.568096061E+01  7.266245365E+00
1.569994680E+01  7.529088020E+00
1.571893299E+01  7.983621597E+00
1.573791919E+01  8.511467934E+00
1.575690538E+01  8.783048630E+00
1.577589158E+01  9.101822853E+00
1.579487777E+01  9.528463364E+00
1.581386396E+01  9.934535980E+00
1.583285016E+01  1.042220783E+01
1.585183635E+01  1.096502304E+01
1.587082254E+01  1.173323536E+01
1.588980874E+01  1.263984108E+01
1.590879493E+01  1.380910206E+01
1.592778112E+01  1.480238628E+01
1.594676732E+01  1.548224258E+01
1.596575351E+01  1.542047882E+01
1.598473970E+01  1.605883789E+01
1.600372590E+01  1.618320465E+01
1.602271209E+01  1.634648705E+01
1.604169829E+01  1.637376213E+01
1.606068448E+01  1.645030785E+01
1.607967067E+01  1.713045502E+01
1.609865687E+01  1.796800423E+01
1.611764306E+01  1.879654312E+01
1.613662925E+01  1.951191139E+01
1.615561545E+01  2.012260056E+01
1.617460164E+01  2.087136459E+01
1.619358783E+01  2.133598709E+01
1.621257403E+01  2.164537621E+01
1.623156022E+01  2.158518028E+01
1.625054642E+01  2.084263611E+01
1.626953261E+01  1.966782951E+01
1.628851880E+01  1.802508163E+01
1.630750500E+01  1.654782677E+01
1.632649119E+01  1.501583099E+01
1.634547738E+01  1.431014633E+01
1.636446358E+01  1.328014565E+01
1.638344977E+01  1.190334415E+01
1.640243596E+01  1.065753269E+01
1.642142216E+01  9.778232574E+00
1.644040835E+01  9.556175232E+00
1.645939455E+01  9.448961258E+00
1.647838074E+01  9.804725647E+00
1.649736693E+01  8.938116074E+00
1.651635313E+01  8.443322182E+00
1.653533932E+01  8.462592125E+00
1.655432551E+01  8.809188843E+00
1.657331171E+01  8.256693840E+00
1.659229790E+01  8.126053810E+00
1.661128409E+01  7.415321827E+00
1.663027029E+01  6.820887566E+00
1.664925648E+01  6.246636868E+00
1.666824267E+01  5.376857758E+00
1.668722887E+01  4.818154812E+00
1.670621506E+01  3.580022573E+00
1.672520126E+01  2.636285067E+00
1.674418745E+01  1.809343457E+00
1.676317364E+01  1.300697923E+00
1.678215984E+01  9.624348879E-01
1.680114603E+01  6.907542944E-01
1.682013222E+01  7.292264700E-01
1.683911842E+01  5.147880316E-01
1.685810461E+01  4.887342155E-01
1.687709080E+01  2.707332969E-01
1.689607700E+01  3.388523757E-01
1.691506319E+01  1.444893032E-01
1.693404939E+01  -5.684471875E-02
1.695303558E+01  -4.611687660E-01
1.697202177E+01  -4.331168234E-01
1.699100797E+01  -9.912130237E-02
1.700999416E+01  4.432737455E-02
1.702898035E+01  -1.366365254E-01
1.704796655E+01  -5.306845903E-01
1.706695274E+01  -4.342780411E-01
1.708593893E+01  -7.358865738E-01
1.710492513E+01  -9.198331833E-01
1.712391132E+01  -6.715190411E-01
1.714289751E+01  -2.403995097E-01
1.716188371E+01  -1.580026001E-01
1.718086990E+01  3.965815157E-02
1.719985610E+01  -3.563476354E-02
1.721884229E+01  3.856292069E-01
1.723782848E+01  7.726029158E-01
1.725681468E+01  1.333981156E+00
1.727580087E+01  1.515084267E+00
1.729478706E+01  1.893882155E+00
1.731377326E+01  2.296332836E+00
1.733275945E+01  3.382652998E+00
1.735174564E+01  4.469305515E+00
1.737073184E+01  5.721211910E+00
1.738971803E+01  7.201431274E+00
1.740870423E+01  9.239702225E+00
1.742769042E+01  1.192961597E+01
1.744667661E+01  1.519754028E+01
1.746566281E+01  1.904998398E+01
1.748464900E+01  2.428843117E+01
1.750363519E+01  3.071962738E+01
1.752262139E+01  3.922450256E+01
1.754160758E+01  5.020320129E+01
1.756059377E+01  6.145455933E+01
1.757957997E+01  7.256766510E+01
1.759856616E+01  7.955220032E+01
1.761755235E+01  8.523079681E+01
1.763653855E+01  8.668492126E+01
1.765552474E+01  8.790797424E+01
1.767451094E+01  8.792056274E+01
1.769349713E+01  9.099225616E+01
1.771248332E+01  9.460291290E+01
1.773146952E+01  9.904184723E+01
1.775045571E+01  9.958054352E+01
1.776944190E+01  9.846070862E+01
1.778842810E+01  9.532170105E+01
1.780741429E+01  9.390013123E+01
1.782640048E+01  9.723574066E+01
1.784538668E+01  9.605649567E+01
1.786437287E+01  1.200238266E+02
1.788335907E+01  1.132477493E+02
1.790234526E+01  1.231641235E+02
1.792133145E+01  1.146780548E+02
1.794031765E+01  1.009774094E+02
1.795930384E+01  8.070949554E+01
1.797829003E+01  7.283686829E+01
1.799727623E+01  5.179235077E+01
1.801626242E+01  4.681476212E+01
1.803524861E+01  3.307568741E+01
1.805423481E+01  3.016360664E+01
1.807322100E+01  2.236587143E+01
1.809220719E+01  1.831525421E+01
1.811119339E+01  1.634642601E+01
1.813017958E+01  1.391350937E+01
1.814916578E+01  1.229368591E+01
1.816815197E+01  1.019785881E+01
1.818713816E+01  9.489698410E+00
1.820612436E+01  7.902987957E+00
1.822511055E+01  6.657653809E+00
1.824409674E+01  5.862617493E+00
1.826308294E+01  5.747028351E+00
1.828206913E+01  6.021473408E+00
1.830105532E+01  6.050966740E+00
1.832004152E+01  6.058948040E+00
1.833902771E+01  6.082453728E+00
1.835801391E+01  6.135081768E+00
1.837700010E+01  5.989160061E+00
1.839598629E+01  5.979457378E+00
1.841497249E+01  6.629635811E+00
1.843395868E+01  7.191740513E+00
1.845294487E+01  7.645481586E+00
1.847193107E+01  8.188579559E+00
1.849091726E+01  9.681143761E+00
1.850990345E+01  1.157096672E+01
1.852888965E+01  1.411799717E+01
1.854787584E+01  1.695801163E+01
1.856686203E+01  2.033728027E+01
1.858584823E+01  2.399605370E+01
1.860483442E+01  2.790301895E+01
1.862382062E+01  3.254441833E+01
1.864280681E+01  3.787651825E+01
1.866179300E+01  4.390321732E+01
1.868077920E+01  5.038978577E+01
1.869976539E+01  5.723545074E+01
1.871875158E+01  6.235408020E+01
1.873773778E+01  6.540855408E+01
1.875672397E+01  6.652430725E+01
1.877571016E+01  6.741312408E+01
1.879469636E+01  6.774796295E+01
1.881368255E+01  6.718418884E+01
1.883266875E+01  6.418802643E+01
1.885165494E+01  5.971513367E+01
1.887064113E+01  5.370896149E+01
1.888962733E+01  4.859715271E+01
1.890861352E+01  4.310495758E+01
1.892759971E+01  3.755005264E+01
1.894658591E+01  3.194953918E+01
1.896557210E+01  2.759799767E+01
1.898455829E+01  2.386113167E+01
1.900354449E+01  2.000058174E+01
1.902253068E+01  1.642449951E+01
1.904151687E+01  1.267449379E+01
1.906050307E+01  9.423456192E+00
1.907948926E+01  6.800562382E+00
1.909847546E+01  4.780357361E+00
1.911746165E+01  3.032512903E+00
1.913644784E+01  1.746311665E+00
1.915543404E+01  9.507592916E-01
1.917442023E+01  6.156303883E-01
1.919340642E+01  8.035384417E-01
1.921239262E+01  1.777863026E+00
1.923137881E+01  2.790135384E+00
1.925036500E+01  4.213417053E+00
1.926935120E+01  5.696643829E+00
1.928833739E+01  7.853335381E+00
1.930732359E+01  1.073295403E+01
1.932630978E+01  1.488906765E+01
1.934529597E+01  2.062207603E+01
1.936428217E+01  2.895798683E+01
1.938326836E+01  3.983458710E+01
1.940225455E+01  5.211405182E+01
1.942124075E+01  6.255334473E+01
1.944022694E+01  6.865541840E+01
1.945921313E+01  6.929582214E+01
1.947819933E+01  6.581668854E+01
1.949718552E+01  6.087612534E+01
1.951617172E+01  5.576627731E+01
1.953515791E+01  5.106421280E+01
1.955414410E+01  4.682233429E+01
1.957313030E+01  4.138799286E+01
1.959211649E+01  3.551485062E+01
1.961110268E+01  2.922993851E+01
1.963008888E+01  2.451561356E+01
1.964907507E+01  2.004131699E+01
1.966806126E+01  1.760084343E+01
1.968704746E+01  1.503889084E+01
1.970603365E+01  1.327406788E+01
1.972501984E+01  1.136965275E+01
1.974400604E+01  1.042344379E+01
1.976299223E+01  9.141119957E+00
1.978197843E+01  7.696346283E+00
1.980096462E+01  6.340072632E+00
1.981995081E+01  5.457108498E+00
1.983893701E+01  4.931510448E+00
1.985792320E+01  4.028474808E+00
1.987690939E+01  3.831605434E+00
1.989589559E+01  3.098413706E+00
1.991488178E+01  3.354322433E+00
1.993386797E+01  3.462594986E+00
1.995285417E+01  4.011921883E+00
1.997184036E+01  4.501003742E+00
1.999082656E+01  5.628830433E+00
2.000981275E+01  6.027820110E+00
2.002879894E+01  6.816137314E+00
2.004778514E+01  7.407170773E+00
2.006677133E+01  8.508905411E+00
2.008575752E+01  9.680699348E+00
2.010474372E+01  1.090345383E+01
2.012372991E+01  1.174697685E+01
2.014271610E+01  1.271627426E+01
2.016170230E+01  1.367580795E+01
2.018068849E+01  1.428619766E+01
2.019967468E+01  1.446667480E+01
2.021866088E+01  1.461989975E+01
2.023764707E+01  1.471259403E+01
2.025663327E+01  1.434359074E+01
2.027561946E+01  1.434401226E+01
2.029460565E+01  1.466252422E+01
2.031359185E+01  1.573652172E+01
2.033257804E+01  1.623523521E+01
2.035156423E+01  1.659166718E+01
2.037055043E+01  1.699876785E+01
2.038953662E+01  1.803279495E+01
2.040852281E+01  1.891266823E+01
2.042750901E+01  1.982593536E+01
2.044649520E+01  2.070790672E+01
2.046548140E+01  2.178224754E+01
2.048446759E+01  2.266832352E+01
2.050345378E+01  2.371308327E+01
2.052243998E+01  2.487747765E+01
2.054142617E+01  2.621266747E+01
2.056041236E+01  2.845411873E+01
2.057939856E+01  3.050765419E+01
2.059838475E+01  3.271603012E+01
2.061737094E+01  3.470275879E+01
2.063635714E+01  3.722874451E+01
2.065534333E+01  4.003324890E+01
2.067432952E+01  4.300152206E+01
2.069331572E+01  4.577690125E+01
2.071230191E+01  4.858097076E+01
2.073128811E+01  5.225482559E+01
2.075027430E+01  5.547394943E+01
2.076926049E+01  6.032024002E+01
2.078824669E+01  6.535694122E+01
2.080723288E+01  7.566078186E+01
2.082621907E+01  8.495124054E+01
2.084520527E+01  9.887998962E+01
2.086419146E+01  1.184970856E+02
2.088317765E+01  1.513678589E+02
2.090216385E+01  1.939394379E+02
2.092115004E+01  2.514258881E+02
2.094013624E+01  3.028838501E+02
2.095912243E+01  2.919864502E+02
2.097810862E+01  2.283372345E+02
2.099709482E+01  1.744350586E+02
2.101608101E+01  1.226043320E+02
2.103506720E+01  8.629855347E+01
2.105405340E+01  6.124288940E+01
2.107303959E+01  4.093360138E+01
2.109202578E+01  2.989299393E+01
2.111101198E+01  2.172451782E+01
2.112999817E+01  1.659643364E+01
2.114898436E+01  1.247649097E+01
2.116797056E+01  9.268735886E+00
2.118695675E+01  6.569362164E+00
2.120594295E+01  4.497692585E+00
2.122492914E+01  3.195821047E+00
2.124391533E+01  1.923306584E+00
2.126290153E+01  1.146335125E+00
2.128188772E+01  5.905895829E-01
2.130087391E+01  8.187994957E-01
2.131986011E+01  1.399265766E+00
2.133884630E+01  2.313741207E+00
2.135783249E+01  3.481752396E+00
2.137681869E+01  5.131883144E+00
2.139580488E+01  6.753777504E+00
2.141479108E+01  8.044857979E+00
2.143377727E+01  9.083730698E+00
2.145276346E+01  9.779774666E+00
2.147174966E+01  1.025047874E+01
2.149073585E+01  1.042158222E+01
2.150972204E+01  1.049434471E+01
2.152870824E+01  1.039231586E+01
2.154769443E+01  1.095771885E+01
2.156668062E+01  1.182671642E+01
2.158566682E+01  1.308354282E+01
2.160465301E+01  1.395362949E+01
2.162363920E+01  1.366147804E+01
2.164262540E+01  1.225164700E+01
2.166161159E+01  9.546487808E+00
2.168059779E+01  6.881924152E+00
2.169958398E+01  4.574998856E+00
2.171857017E+01  3.203820467E+00
2.173755637E+01  2.291489363E+00
2.175654256E+01  1.856194258E+00
2.177552875E+01  1.499614000E+00
2.179451495E+01  9.464223981E-01
2.181350114E+01  3.086707592E-01
2.183248733E+01  -4.354219735E-01
2.185147353E+01  -6.264432669E-01
2.187045972E+01  -8.557327986E-01
2.188944592E+01  -7.739304900E-01
2.190843211E+01  -7.826428413E-01
2.192741830E+01  -8.391844034E-01
2.194640450E+01  -6.441636682E-01
2.196539069E+01  -5.148215890E-01
2.198437688E+01  -3.263571262E-01
2.200336308E+01  -7.711651176E-02
2.202234927E+01  2.461601645E-01
2.204133546E+01  4.173488021E-01
2.206032166E+01  3.141962588E-01
2.207930785E+01  3.957900405E-01
2.209829405E+01  1.772651970E-01
2.211728024E+01  2.361946106E-01
2.213626643E+01  3.959416747E-01
2.215525263E+01  5.017391443E-01
2.217423882E+01  5.533648133E-01
2.219322501E+01  7.440118194E-01
2.221221121E+01  8.658268452E-01
2.223119740E+01  6.828996539E-01
2.225018359E+01  4.575335979E-01
2.226916979E+01  3.139786720E-01
2.228815598E+01  3.455790281E-01
2.230714217E+01  3.826256394E-01
2.232612837E+01  3.902052641E-01
2.234511456E+01  2.890993059E-01
2.236410076E+01  5.335467681E-02
2.238308695E+01  1.002612337E-02
2.240207314E+01  -3.176569566E-02
2.242105934E+01  9.824734181E-02
2.244004553E+01  5.867138505E-02
2.245903172E+01  -2.737955749E-01
2.247801792E+01  -3.300632536E-01
2.249700411E+01  -4.093731046E-01
2.251599030E+01  -4.779582322E-01
2.253497650E+01  -5.312840343E-01
2.255396269E+01  -3.480783403E-01
2.257294889E+01  -1.463020965E-02
2.259193508E+01  2.687873542E-01
2.261092127E+01  1.533403993E-01
2.262990747E+01  2.989686094E-02
2.264889366E+01  -5.545560643E-02
2.266787985E+01  -3.565510735E-02
2.268686605E+01  1.363381743E-01
2.270585224E+01  2.752758563E-01
2.272483843E+01  7.926123589E-02
2.274382463E+01  1.310718209E-01
2.276281082E+01  3.502048850E-01
2.278179701E+01  5.149537921E-01
2.280078321E+01  5.875235200E-01
2.281976940E+01  4.898292124E-01
2.283875560E+01  7.782416344E-01
2.285774179E+01  7.354596257E-01
2.287672798E+01  8.748400807E-01
2.289571418E+01  6.479858756E-01
2.291470037E+01  7.040643096E-01
2.293368656E+01  5.088233352E-01
2.295267276E+01  1.649110913E-01
2.297165895E+01  2.012269013E-02
2.299064514E+01  -1.609212905E-01
2.300963134E+01  2.210506937E-03
2.302861753E+01  1.740689874E-01
2.304760373E+01  5.268868208E-01
2.306658992E+01  6.242840886E-01
2.308557611E+01  4.346227050E-01
2.310456231E+01  4.065604508E-01
2.312354850E+01  4.815755188E-01
2.314253469E+01  7.100829482E-01
2.316152089E+01  7.302225828E-01
2.318050708E+01  8.809959888E-01
2.319949327E+01  7.337203026E-01
2.321847947E+01  4.117276073E-01
2.323746566E+01  8.587706089E-02
2.325645185E+01  -3.188746981E-03
2.327543805E+01  -1.483306102E-02
2.329442424E+01  3.848490492E-02
2.331341044E+01  6.696269661E-02
2.333239663E+01  1.053391099E-01
2.335138282E+01  4.148100019E-01
2.337036902E+01  3.486601114E-01
2.338935521E+01  4.130131900E-01
2.340834140E+01  4.093937278E-01
2.342732760E+01  6.264130473E-01
2.344631379E+01  6.873100996E-01
2.346529998E+01  7.333580852E-01
2.348428618E+01  4.601381719E-01
2.350327237E+01  1.158645302E-01
2.352225857E+01  -3.424505517E-02
2.354124476E+01  -6.803460419E-02
2.356023095E+01  -3.975261375E-02
2.357921715E+01  1.050073877E-01
2.359820334E+01  2.575781047E-01
2.361718953E+01  4.571083486E-01
2.363617573E+01  5.190583467E-01
2.365516192E+01  4.088339508E-01
2.367414811E+01  2.386796921E-01
2.369313431E+01  1.285273433E-01
2.371212050E+01  1.318410188E-01
2.373110669E+01  1.692871749E-01
2.375009289E+01  3.026704788E-01
2.376907908E+01  1.983015686E-01
2.378806528E+01  1.346089989E-01
2.380705147E+01  1.441490501E-01
2.382603766E+01  2.846429646E-01
2.384502386E+01  4.056647122E-01
2.386401005E+01  4.715759456E-01
2.388299624E+01  3.222045302E-01
2.390198244E+01  3.650786281E-01
2.392096863E+01  2.787477523E-02
2.393995482E+01  1.283798665E-01
2.395894102E+01  2.216536552E-01
2.397792721E+01  4.130504131E-01
2.399691341E+01  2.918762863E-01
2.401589960E+01  -1.296189893E-02
2.403488579E+01  -1.471960247E-01
2.405387199E+01  -7.656476647E-02
2.407285818E+01  -6.006982923E-02
2.409184437E+01  6.638658047E-02
2.411083057E+01  1.492619980E-03
2.412981676E+01  4.686031863E-02
2.414880295E+01  1.071530282E-01
2.416778915E+01  2.477841228E-01
2.418677534E+01  5.037374422E-02
2.420576153E+01  -2.122676969E-01
2.422474773E+01  -2.536120713E-01
2.424373392E+01  1.898975968E-01
