2.827307538E+00  6.270564795E-01
2.846293732E+00  5.020302907E-02
2.865279926E+00  -3.679664433E-01
2.884266119E+00  1.030890867E-01
2.903252313E+00  7.438818216E-01
2.922238506E+00  1.287315726E+00
2.941224700E+00  1.444234371E+00
2.960210894E+00  1.201696754E+00
2.979197087E+00  1.399694681E+00
2.998183281E+00  7.533128858E-01
3.017169474E+00  1.709372401E-01
3.036155668E+00  -3.401574492E-01
3.055141862E+00  -3.473173082E-02
3.074128055E+00  1.140147805E+00
3.093114249E+00  2.483353376E+00
3.112100442E+00  3.014984846E+00
3.131086636E+00  2.784306765E+00
3.150072830E+00  1.824495792E+00
3.169059023E+00  1.178024650E+00
3.188045217E+00  8.126700521E-01
3.207031410E+00  9.238510728E-01
3.226017604E+00  1.290492177E+00
3.245003798E+00  1.738163471E+00
3.263989991E+00  2.236577988E+00
3.282976185E+00  2.573121309E+00
3.301962378E+00  2.760188103E+00
3.320948572E+00  3.126225948E+00
3.339934766E+00  3.125689268E+00
3.358920959E+00  4.269741058E+00
3.377907153E+00  5.814333439E+00
3.396893346E+00  7.153128624E+00
3.415879540E+00  9.215646744E+00
3.434865734E+00  1.270502281E+01
3.453851927E+00  1.787274551E+01
3.472838121E+00  2.457117081E+01
3.491824314E+00  2.984874535E+01
3.510810508E+00  3.074840546E+01
3.529796702E+00  2.675677681E+01
3.548782895E+00  1.955495262E+01
3.567769089E+00  1.241631317E+01
3.586755282E+00  7.560876846E+00
3.605741476E+00  4.559782028E+00
3.624727670E+00  3.760678053E+00
3.643713863E+00  3.184264183E+00
3.662700057E+00  2.778659344E+00
3.681686250E+00  2.435666800E+00
3.700672444E+00  2.241343021E+00
3.719658638E+00  1.599797010E+00
3.738644831E+00  1.352251530E+00
3.757631025E+00  1.029504776E+00
3.776617218E+00  1.045027971E+00
3.795603412E+00  1.153911948E+00
3.814589606E+00  1.048770428E+00
3.833575799E+00  5.938510895E-01
3.852561993E+00  4.412817955E-01
3.871548186E+00  4.844658077E-01
3.890534380E+00  2.493956499E-02
3.909520574E+00  2.858378887E-01
3.928506767E+00  8.762753606E-01
3.947492961E+00  1.026313901E+00
3.966479154E+00  7.971048355E-01
3.985465348E+00  5.579522848E-01
4.004451542E+00  4.905057251E-01
4.023437735E+00  6.382526159E-01
4.042423929E+00  3.532099128E-01
4.061410122E+00  2.484558672E-01
4.080396316E+00  7.093580961E-01
4.099382510E+00  5.676090121E-01
4.118368703E+00  6.322667599E-01
4.137354897E+00  5.266850591E-01
4.156341091E+00  9.583312869E-01
4.175327284E+00  1.180358052E+00
4.194313478E+00  8.335132003E-01
4.213299671E+00  7.181762457E-01
4.232285865E+00  2.431217134E-01
4.251272059E+00  5.604833961E-01
4.270258252E+00  5.770611167E-01
4.289244446E+00  4.608815908E-01
4.308230639E+00  1.136571318E-01
4.327216833E+00  -3.755703568E-02
4.346203027E+00  3.547357917E-01
4.365189220E+00  1.651521623E-01
4.384175414E+00  1.338744313E-01
4.403161607E+00  1.650293469E-01
4.422147801E+00  -9.679410607E-02
4.441133995E+00  3.165366352E-01
4.460120188E+00  7.664451599E-01
4.479106382E+00  5.708187222E-01
4.498092575E+00  1.217030361E-01
4.517078769E+00  -9.941895306E-02
4.536064963E+00  1.084842253E-03
4.555051156E+00  3.962915838E-01
4.574037350E+00  3.846245408E-01
4.593023543E+00  4.209935367E-01
4.612009737E+00  5.223526955E-01
4.630995931E+00  5.568796396E-01
4.649982124E+00  2.931030095E-01
4.668968318E+00  -5.887428671E-02
4.687954511E+00  2.107845992E-01
4.706940705E+00  2.764101624E-01
4.725926899E+00  3.305746317E-01
4.744913092E+00  3.405058682E-01
4.763899286E+00  4.286611080E-01
4.782885479E+00  4.624206424E-01
4.801871673E+00  7.080352902E-01
4.820857867E+00  6.244496107E-01
4.839844060E+00  1.017063379E+00
4.858830254E+00  8.195590973E-01
4.877816447E+00  7.326464653E-01
4.896802641E+00  5.944646597E-01
4.915788835E+00  6.159744263E-01
4.934775028E+00  4.355475307E-01
4.953761222E+00  2.367273867E-01
4.972747415E+00  2.939065993E-01
4.991733609E+00  9.329214096E-01
5.010719803E+00  9.227828979E-01
5.029705996E+00  8.316574693E-01
5.048692190E+00  -7.427199744E-03
5.067678383E+00  5.098844320E-02
5.086664577E+00  4.379644096E-01
5.105650771E+00  8.996662498E-01
5.124636964E+00  9.545899630E-01
5.143623158E+00  8.618043065E-01
5.162609351E+00  2.906104624E-01
5.181595545E+00  4.784999043E-02
5.200581739E+00  2.148359865E-01
5.219567932E+00  -1.728680432E-01
5.238554126E+00  3.197429776E-01
5.257540319E+00  5.156121254E-01
5.276526513E+00  9.121219516E-01
5.295512707E+00  7.082126737E-01
5.314498900E+00  6.423833966E-01
5.333485094E+00  8.289394975E-01
5.352471287E+00  7.924060225E-01
5.371457481E+00  6.109661460E-01
5.390443675E+00  5.027093887E-01
5.409429868E+00  8.732602596E-01
5.428416062E+00  1.359943390E+00
5.447402255E+00  1.187518001E+00
5.466388449E+00  1.041748881E+00
5.485374643E+00  7.398841381E-01
5.504360836E+00  5.036700964E-01
5.523347030E+00  -8.480318938E-04
5.542333223E+00  -1.538462341E-01
5.561319417E+00  -4.185850546E-02
5.580305611E+00  7.072504759E-01
5.599291804E+00  1.499025702E+00
5.618277998E+00  1.842004418E+00
5.637264192E+00  1.794098020E+00
5.656250385E+00  1.650306821E+00
5.675236579E+00  1.405763507E+00
5.694222772E+00  1.610179067E+00
5.713208966E+00  1.228666663E+00
5.732195160E+00  1.641190410E+00
5.751181353E+00  1.632569194E+00
5.770167547E+00  1.553575873E+00
5.789153740E+00  1.501980424E+00
5.808139934E+00  1.214880109E+00
5.827126128E+00  5.566568375E-01
5.846112321E+00  1.506716758E-01
5.865098515E+00  -1.003379375E-01
5.884084708E+00  7.233168483E-01
5.903070902E+00  1.155592680E+00
5.922057096E+00  1.175688505E+00
5.941043289E+00  6.606928706E-01
5.960029483E+00  5.627812743E-01
5.979015676E+00  1.409014314E-01
5.998001870E+00  -1.463620365E-01
6.016988064E+00  -4.069800079E-01
6.035974257E+00  -1.785901189E-02
6.054960451E+00  -1.357382834E-01
6.073946644E+00  1.011176482E-01
6.092932838E+00  -2.262768298E-01
6.111919032E+00  -7.795973122E-02
6.130905225E+00  2.868602872E-01
6.149891419E+00  4.254958332E-01
6.168877612E+00  6.348461509E-01
6.187863806E+00  1.607484967E-01
6.206850000E+00  6.838588417E-02
6.225836193E+00  7.363334298E-02
6.244822387E+00  1.325521916E-01
6.263808580E+00  6.791783869E-02
6.282794774E+00  5.336537361E-01
6.301780968E+00  1.101640821E+00
6.320767161E+00  1.634614348E+00
6.339753355E+00  1.511203289E+00
6.358739548E+00  1.309404016E+00
6.377725742E+00  2.044162989E+00
6.396711936E+00  2.889760256E+00
6.415698129E+00  3.328402519E+00
6.434684323E+00  3.280962467E+00
6.453670516E+00  3.291291714E+00
6.472656710E+00  3.362130165E+00
6.491642904E+00  4.324798107E+00
6.510629097E+00  4.992713928E+00
6.529615291E+00  5.356086731E+00
6.548601484E+00  5.499773502E+00
6.567587678E+00  6.190793991E+00
6.586573872E+00  7.896103859E+00
6.605560065E+00  1.046356583E+01
6.624546259E+00  1.516876221E+01
6.643532452E+00  2.173376274E+01
6.662518646E+00  2.894414330E+01
6.681504840E+00  3.590929794E+01
6.700491033E+00  4.215912628E+01
6.719477227E+00  4.585686874E+01
6.738463420E+00  4.594679260E+01
6.757449614E+00  4.343220139E+01
6.776435808E+00  3.992794418E+01
6.795422001E+00  3.635132599E+01
6.814408195E+00  3.444514084E+01
6.833394388E+00  3.422426605E+01
6.852380582E+00  3.548342133E+01
6.871366776E+00  3.921036530E+01
6.890352969E+00  4.645946884E+01
6.909339163E+00  5.943443680E+01
6.928325356E+00  8.096442413E+01
6.947311550E+00  1.138575211E+02
6.966297744E+00  1.534179840E+02
6.985283937E+00  1.887998199E+02
7.004270131E+00  2.087167816E+02
7.023256325E+00  2.082474670E+02
7.042242518E+00  1.887938232E+02
7.061228712E+00  1.610798950E+02
7.080214905E+00  1.302271881E+02
7.099201099E+00  1.004844894E+02
7.118187293E+00  7.422425079E+01
7.137173486E+00  5.302132797E+01
7.156159680E+00  3.872389984E+01
7.175145873E+00  2.869724274E+01
7.194132067E+00  2.128385735E+01
7.213118261E+00  1.673053551E+01
7.232104454E+00  1.318890953E+01
7.251090648E+00  1.010148430E+01
7.270076841E+00  7.811077595E+00
7.289063035E+00  6.438404083E+00
7.308049229E+00  5.385689259E+00
7.327035422E+00  4.385642052E+00
7.346021616E+00  3.610403538E+00
7.365007809E+00  2.796855450E+00
7.383994003E+00  2.375423431E+00
7.402980197E+00  2.067705154E+00
7.421966390E+00  1.824171543E+00
7.440952584E+00  1.690610051E+00
7.459938777E+00  1.796087980E+00
7.478924971E+00  1.712498069E+00
7.497911165E+00  1.222550988E+00
7.516897358E+00  7.456806302E-01
7.535883552E+00  3.892553449E-01
7.554869745E+00  4.777232409E-01
7.573855939E+00  5.082414150E-01
7.592842133E+00  4.001736641E-01
7.611828326E+00  3.321882486E-01
7.630814520E+00  5.898996592E-01
7.649800713E+00  2.734035850E-01
7.668786907E+00  6.465503573E-01
7.687773101E+00  5.580565929E-01
7.706759294E+00  1.757576466E-01
7.725745488E+00  -1.259122789E-01
7.744731681E+00  -6.613781303E-02
7.763717875E+00  2.710507810E-01
7.782704069E+00  7.454456687E-01
7.801690262E+00  8.244319558E-01
7.820676456E+00  1.151970029E+00
7.839662649E+00  1.004235744E+00
7.858648843E+00  8.114835620E-01
7.877635037E+00  3.953022659E-01
7.896621230E+00  3.669426739E-01
7.915607424E+00  3.853863776E-01
7.934593617E+00  3.576447368E-01
7.953579811E+00  3.437238336E-01
7.972566005E+00  5.990196019E-02
7.991552198E+00  9.329552948E-02
8.010538392E+00  -1.250596601E-03
8.029524585E+00  3.170529604E-01
8.048510779E+00  6.049055457E-01
8.067496973E+00  5.561755896E-01
8.086483166E+00  6.341918707E-01
8.105469360E+00  4.028724432E-01
8.124455553E+00  1.456147619E-02
8.143441747E+00  1.477639470E-02
8.162427941E+00  -4.976677597E-01
8.181414134E+00  -1.095965728E-01
8.200400328E+00  6.032395363E-01
8.219386521E+00  1.558983803E+00
8.238372715E+00  1.432276607E+00
8.257358909E+00  6.917170882E-01
8.276345102E+00  7.737218142E-01
8.295331296E+00  9.949565530E-01
8.314317489E+00  9.085690975E-01
8.333303683E+00  5.377577543E-01
8.352289877E+00  3.886519074E-01
8.371276070E+00  2.422305197E-01
8.390262264E+00  4.746784270E-02
8.409248457E+00  3.538057208E-02
8.428234651E+00  3.599005342E-01
8.447220845E+00  7.706229687E-01
8.466207038E+00  1.163133979E+00
8.485193232E+00  1.155537009E+00
8.504179426E+00  1.025209785E+00
8.523165619E+00  6.018894315E-01
8.542151813E+00  3.944475055E-01
8.561138006E+00  5.680055618E-01
8.580124200E+00  6.361849308E-01
8.599110394E+00  6.066799164E-01
8.618096587E+00  7.174371481E-01
8.637082781E+00  4.073783159E-01
8.656068974E+00  1.946230531E-01
8.675055168E+00  4.880733788E-02
8.694041362E+00  1.256295145E-01
8.713027555E+00  9.966286272E-02
8.732013749E+00  1.520445496E-01
8.750999942E+00  -2.131273784E-02
8.769986136E+00  -1.165331900E-01
8.788972330E+00  -1.747333556E-01
8.807958523E+00  1.716139540E-02
8.826944717E+00  -9.940009564E-02
8.845930910E+00  -5.677900314E-01
8.864917104E+00  -7.634457350E-01
8.883903298E+00  -4.836986959E-01
8.902889491E+00  -1.282255352E-01
8.921875685E+00  3.376480937E-01
8.940861878E+00  5.671804547E-01
8.959848072E+00  3.379642665E-01
8.978834266E+00  1.060166284E-01
8.997820459E+00  2.490471005E-01
9.016806653E+00  7.789481878E-01
9.035792846E+00  1.225794673E+00
9.054779040E+00  1.881186485E+00
9.073765234E+00  2.878460169E+00
9.092751427E+00  4.780468464E+00
9.111737621E+00  7.299605846E+00
9.130723814E+00  1.040513611E+01
9.149710008E+00  1.402722549E+01
9.168696202E+00  1.820326996E+01
9.187682395E+00  2.333623886E+01
9.206668589E+00  2.944919395E+01
9.225654782E+00  3.747899628E+01
9.244640976E+00  4.640290451E+01
9.263627170E+00  5.845301437E+01
9.282613363E+00  7.324832916E+01
9.301599557E+00  9.251577759E+01
9.320585750E+00  1.186933365E+02
9.339571944E+00  1.540883331E+02
9.358558138E+00  2.030643616E+02
9.377544331E+00  2.710079346E+02
9.396530525E+00  3.612294617E+02
9.415516718E+00  4.669368896E+02
9.434502912E+00  5.905736694E+02
9.453489106E+00  7.095663452E+02
9.472475299E+00  8.378918457E+02
9.491461493E+00  9.527026367E+02
9.510447686E+00  1.045914062E+03
9.529433880E+00  1.099902222E+03
9.548420074E+00  1.111491699E+03
9.567406267E+00  1.087210327E+03
9.586392461E+00  1.011299500E+03
9.605378654E+00  9.064832764E+02
9.624364848E+00  7.931248169E+02
9.643351042E+00  7.002965698E+02
9.662337235E+00  6.160986938E+02
9.681323429E+00  5.379955444E+02
9.700309622E+00  4.557306519E+02
9.719295816E+00  3.788471375E+02
9.738282010E+00  3.137066956E+02
9.757268203E+00  2.584713135E+02
9.776254397E+00  2.120864716E+02
9.795240590E+00  1.725703583E+02
9.814226784E+00  1.385934296E+02
9.833212978E+00  1.110420990E+02
9.852199171E+00  8.802376556E+01
9.871185365E+00  6.922829437E+01
9.890171559E+00  5.383535004E+01
9.909157752E+00  4.149485016E+01
9.928143946E+00  3.091101265E+01
9.947130139E+00  2.340584564E+01
9.966116333E+00  1.782547569E+01
9.985102527E+00  1.320682430E+01
1.000408872E+01  9.174920082E+00
1.002307491E+01  5.880347729E+00
1.004206111E+01  3.784009933E+00
1.006104730E+01  2.486128092E+00
1.008003349E+01  1.746115208E+00
1.009901969E+01  1.021123528E+00
1.011800588E+01  1.906132251E-01
1.013699208E+01  -2.901657671E-02
1.015597827E+01  8.076771349E-02
1.017496446E+01  -2.564346418E-02
1.019395066E+01  4.877205193E-02
1.021293685E+01  1.124207973E-01
1.023192304E+01  4.252111912E-01
1.025090924E+01  2.665332258E-01
1.026989543E+01  2.579009905E-02
1.028888162E+01  -8.321493119E-02
1.030786782E+01  -3.333744407E-01
1.032685401E+01  -8.777554035E-01
1.034584020E+01  -1.081615686E+00
1.036482640E+01  -1.246877074E+00
1.038381259E+01  -1.293371201E+00
1.040279879E+01  -7.484189272E-01
1.042178498E+01  -3.250854090E-02
1.044077117E+01  1.602973104E+00
1.045975737E+01  4.339454651E+00
1.047874356E+01  8.059380531E+00
1.049772975E+01  1.197586155E+01
1.051671595E+01  1.539478493E+01
1.053570214E+01  1.793929672E+01
1.055468833E+01  2.043136406E+01
1.057367453E+01  2.203040123E+01
1.059266072E+01  2.299535751E+01
1.061164692E+01  2.323939705E+01
1.063063311E+01  2.372277832E+01
1.064961930E+01  2.426000023E+01
1.066860550E+01  2.495598030E+01
1.068759169E+01  2.576581383E+01
1.070657788E+01  2.701584816E+01
1.072556408E+01  2.837965584E+01
1.074455027E+01  3.023985481E+01
1.076353646E+01  3.209174347E+01
1.078252266E+01  3.367763519E+01
1.080150885E+01  3.584764862E+01
1.082049505E+01  3.756844711E+01
1.083948124E+01  3.975042343E+01
1.085846743E+01  4.198480606E+01
1.087745363E+01  4.472057724E+01
1.089643982E+01  4.664040756E+01
1.091542601E+01  4.899532700E+01
1.093441221E+01  5.139711380E+01
1.095339840E+01  5.443632889E+01
1.097238459E+01  5.684657288E+01
1.099137079E+01  5.882270050E+01
1.101035698E+01  6.153272247E+01
1.102934317E+01  6.347225571E+01
1.104832937E+01  6.501886749E+01
1.106731556E+01  6.604284668E+01
1.108630176E+01  6.597769165E+01
1.110528795E+01  6.543444824E+01
1.112427414E+01  6.314950943E+01
1.114326034E+01  6.064899826E+01
1.116224653E+01  5.918415833E+01
1.118123272E+01  5.837596512E+01
1.120021892E+01  5.986997604E+01
1.121920511E+01  6.050151062E+01
1.123819130E+01  6.280337524E+01
1.125717750E+01  6.532589722E+01
1.127616369E+01  6.685843658E+01
1.129514989E+01  6.705023956E+01
1.131413608E+01  6.398344040E+01
1.133312227E+01  5.807082367E+01
1.135210847E+01  5.089507294E+01
1.137109466E+01  4.427576065E+01
1.139008085E+01  3.583207321E+01
1.140906705E+01  3.027641487E+01
1.142805324E+01  2.410099602E+01
1.144703943E+01  2.008781815E+01
1.146602563E+01  1.602003479E+01
1.148501182E+01  1.264612198E+01
1.150399801E+01  9.547823906E+00
1.152298421E+01  7.242625237E+00
1.154197040E+01  6.045742512E+00
1.156095660E+01  5.553142548E+00
1.157994279E+01  5.261359692E+00
1.159892898E+01  4.333505154E+00
1.161791518E+01  3.112838268E+00
1.163690137E+01  1.621577740E+00
1.165588756E+01  6.980677843E-01
1.167487376E+01  1.321251392E-01
1.169385995E+01  -7.797510624E-01
1.171284614E+01  -1.207659364E+00
1.173183234E+01  -1.492182016E+00
1.175081853E+01  -2.747017890E-02
1.176980473E+01  2.526690006E+00
1.178879092E+01  5.647374630E+00
1.180777711E+01  9.408407211E+00
1.182676331E+01  1.204655266E+01
1.184574950E+01  1.411770153E+01
1.186473569E+01  1.449273968E+01
1.188372189E+01  1.566113186E+01
1.190270808E+01  1.557372665E+01
1.192169427E+01  1.590331173E+01
1.194068047E+01  1.526601887E+01
1.195966666E+01  1.474858475E+01
1.197865285E+01  1.461900330E+01
1.199763905E+01  1.397589684E+01
1.201662524E+01  1.424670315E+01
1.203561144E+01  1.336000347E+01
1.205459763E+01  1.375577068E+01
1.207358382E+01  1.331500912E+01
1.209257002E+01  1.384050560E+01
1.211155621E+01  1.350789547E+01
1.213054240E+01  1.405490685E+01
1.214952860E+01  1.429254436E+01
1.216851479E+01  1.439156818E+01
1.218750098E+01  1.459205055E+01
1.220648718E+01  1.450072098E+01
1.222547337E+01  1.551021385E+01
1.224445957E+01  1.572200012E+01
1.226344576E+01  1.693925095E+01
1.228243195E+01  1.765369987E+01
1.230141815E+01  1.945896149E+01
1.232040434E+01  2.134604263E+01
1.233939053E+01  2.391735268E+01
1.235837673E+01  2.598780632E+01
1.237736292E+01  2.843661499E+01
1.239634911E+01  3.127371788E+01
1.241533531E+01  3.441913223E+01
1.243432150E+01  3.905530548E+01
1.245330769E+01  4.311595917E+01
1.247229389E+01  5.033528519E+01
1.249128008E+01  5.562448883E+01
1.251026628E+01  6.675369263E+01
1.252925247E+01  7.688224030E+01
1.254823866E+01  8.791099548E+01
1.256722486E+01  9.958538818E+01
1.258621105E+01  1.089010849E+02
1.260519724E+01  1.126786804E+02
1.262418344E+01  1.164639816E+02
1.264316963E+01  1.169904709E+02
1.266215582E+01  1.113318253E+02
1.268114202E+01  1.068545914E+02
1.270012821E+01  9.776269531E+01
1.271911441E+01  9.039778900E+01
1.273810060E+01  8.247393036E+01
1.275708679E+01  7.614323425E+01
1.277607299E+01  7.145099640E+01
1.279505918E+01  6.769738770E+01
1.281404537E+01  6.519586182E+01
1.283303157E+01  6.358483124E+01
1.285201776E+01  6.282515717E+01
1.287100395E+01  6.288003540E+01
1.288999015E+01  6.239975357E+01
1.290897634E+01  6.253806305E+01
1.292796253E+01  6.188072968E+01
1.294694873E+01  6.153025818E+01
1.296593492E+01  6.082999802E+01
1.298492112E+01  6.027357864E+01
1.300390731E+01  5.990773392E+01
1.302289350E+01  5.981805420E+01
1.304187970E+01  5.951961899E+01
1.306086589E+01  5.858203125E+01
1.307985208E+01  5.702980804E+01
1.309883828E+01  5.585895920E+01
1.311782447E+01  5.500566483E+01
1.313681066E+01  5.475671005E+01
1.315579686E+01  5.323193741E+01
1.317478305E+01  5.125206375E+01
1.319376925E+01  4.912742615E+01
1.321275544E+01  4.741461945E+01
1.323174163E+01  4.538811111E+01
1.325072783E+01  4.312100601E+01
1.326971402E+01  4.148064423E+01
1.328870021E+01  3.944134521E+01
1.330768641E+01  3.771512985E+01
1.332667260E+01  3.621629333E+01
1.334565879E+01  3.522783279E+01
1.336464499E+01  3.418163300E+01
1.338363118E+01  3.378459167E+01
1.340261737E+01  3.388376999E+01
1.342160357E+01  3.475603867E+01
1.344058976E+01  3.600441742E+01
1.345957596E+01  3.814066315E+01
1.347856215E+01  3.929837799E+01
1.349754834E+01  3.974986267E+01
1.351653454E+01  3.749085999E+01
1.353552073E+01  3.383180237E+01
1.355450692E+01  2.770967102E+01
1.357349312E+01  2.158480453E+01
1.359247931E+01  1.545255280E+01
1.361146550E+01  1.056033897E+01
1.363045170E+01  6.212372780E+00
1.364943789E+01  2.816956758E+00
1.366842409E+01  3.348138332E-01
1.368741028E+01  -1.047891498E+00
1.370639647E+01  -1.777327895E+00
1.372538267E+01  -1.754614830E+00
1.374436886E+01  -1.410729647E+00
1.376335505E+01  -7.202720642E-01
1.378234125E+01  -8.250312805E-01
1.380132744E+01  -7.074797750E-01
1.382031363E+01  -1.594178230E-01
1.383929983E+01  8.644638062E-01
1.385828602E+01  2.043030262E+00
1.387727222E+01  3.156672955E+00
1.389625841E+01  4.335966110E+00
1.391524460E+01  5.951694012E+00
1.393423080E+01  8.157974243E+00
1.395321699E+01  1.037188148E+01
1.397220318E+01  1.337185478E+01
1.399118938E+01  1.604644394E+01
1.401017557E+01  1.867753983E+01
1.402916176E+01  1.977892494E+01
1.404814796E+01  1.981196594E+01
1.406713415E+01  1.905657578E+01
1.408612034E+01  1.758381462E+01
1.410510654E+01  1.596843815E+01
1.412409273E+01  1.350529099E+01
1.414307893E+01  1.101259327E+01
1.416206512E+01  8.611694336E+00
1.418105131E+01  6.471518040E+00
1.420003751E+01  4.671400547E+00
1.421902370E+01  3.804074049E+00
1.423800989E+01  3.074190855E+00
1.425699609E+01  2.501449823E+00
1.427598228E+01  1.521867990E+00
1.429496847E+01  9.849739671E-01
1.431395467E+01  8.997797966E-01
1.433294086E+01  6.522033811E-01
1.435192706E+01  7.246888876E-01
1.437091325E+01  1.663915366E-01
1.438989944E+01  8.789819479E-02
1.440888564E+01  -1.048699617E-01
1.442787183E+01  -5.767245218E-02
1.444685802E+01  8.857645094E-03
1.446584422E+01  -1.616470367E-01
1.448483041E+01  -2.672347054E-02
1.450381660E+01  -2.469392866E-01
1.452280280E+01  -3.993780613E-01
1.454178899E+01  -3.244863749E-01
1.456077518E+01  -3.234152794E-01
1.457976138E+01  -2.488858849E-01
1.459874757E+01  -1.758282036E-01
1.461773377E+01  4.742623866E-02
1.463671996E+01  1.734426618E-01
1.465570615E+01  2.071028575E-02
1.467469235E+01  -2.844750583E-01
1.469367854E+01  -4.186064601E-01
1.471266473E+01  -1.716650277E-01
1.473165093E+01  -6.041643023E-02
1.475063712E+01  -1.416277289E-01
1.476962331E+01  -1.214118600E-01
1.478860951E+01  2.404908389E-01
1.480759570E+01  3.192045093E-01
1.482658190E+01  1.817703843E-01
1.484556809E+01  5.195197463E-01
1.486455428E+01  8.509090543E-01
1.488354048E+01  9.843493104E-01
1.490252667E+01  1.242693543E+00
1.492151286E+01  1.407175303E+00
1.494049906E+01  1.293001413E+00
1.495948525E+01  1.032783031E+00
1.497847144E+01  8.839089274E-01
1.499745764E+01  1.120162010E+00
1.501644383E+01  8.080251217E-01
1.503543002E+01  9.130350351E-01
1.505441622E+01  8.810196519E-01
1.507340241E+01  9.985105395E-01
1.509238861E+01  5.204740763E-01
1.511137480E+01  3.708672523E-02
1.513036099E+01  -4.125718474E-01
1.514934719E+01  -5.783119202E-01
1.516833338E+01  -4.612667561E-01
1.518731957E+01  -2.023357153E-01
1.520630577E+01  -3.164372444E-01
1.522529196E+01  -2.519573271E-01
1.524427815E+01  -3.832574785E-01
1.526326435E+01  6.521979347E-03
1.528225054E+01  -1.410133950E-02
1.530123674E+01  8.098790422E-03
1.532022293E+01  -2.269586176E-01
1.533920912E+01  -2.187372297E-01
1.535819532E+01  -1.221364830E-02
1.537718151E+01  1.121367048E-02
1.539616770E+01  2.009395212E-01
1.541515390E+01  1.037962213E-01
1.543414009E+01  3.186679482E-01
1.545312628E+01  7.365420461E-01
1.547211248E+01  9.693421721E-01
1.549109867E+01  1.046064496E+00
1.551008486E+01  9.325231314E-01
1.552907106E+01  1.027992725E+00
1.554805725E+01  1.328798294E+00
1.556704345E+01  1.740876079E+00
1.558602964E+01  2.159943104E+00
1.560501583E+01  2.277618885E+00
1.562400203E+01  6.471715450E+00
1.564298822E+01  8.811775208E+00
1.566197441E+01  1.022600174E+01
1.568096061E+01  1.095781898E+01
1.569994680E+01  1.162548637E+01
1.571893299E+01  1.116142845E+01
1.573791919E+01  9.874356270E+00
1.575690538E+01  5.470534325E+00
1.577589158E+01  5.981622696E+00
1.579487777E+01  6.066160202E+00
1.581386396E+01  6.566326141E+00
1.583285016E+01  7.232777119E+00
1.585183635E+01  7.559730530E+00
1.587082254E+01  8.130880356E+00
1.588980874E+01  8.534724236E+00
1.590879493E+01  9.273805618E+00
1.592778112E+01  9.496247292E+00
1.594676732E+01  9.932383537E+00
1.596575351E+01  1.016837502E+01
1.598473970E+01  1.049725819E+01
1.600372590E+01  1.083980656E+01
1.602271209E+01  1.175429726E+01
1.604169829E+01  1.338769817E+01
1.606068448E+01  1.417738533E+01
1.607967067E+01  1.505393505E+01
1.609865687E+01  1.630308723E+01
1.611764306E+01  1.852070427E+01
1.613662925E+01  2.069437218E+01
1.615561545E+01  2.273415947E+01
1.617460164E+01  2.507732773E+01
1.619358783E+01  2.726228142E+01
1.621257403E+01  2.964533997E+01
1.623156022E+01  3.113268471E+01
1.625054642E+01  3.185357094E+01
1.626953261E+01  3.182382011E+01
1.628851880E+01  3.059099197E+01
1.630750500E+01  2.858101654E+01
1.632649119E+01  2.595026398E+01
1.634547738E+01  2.357639694E+01
1.636446358E+01  2.161445618E+01
1.638344977E+01  1.967427826E+01
1.640243596E+01  1.746360016E+01
1.642142216E+01  1.538893318E+01
1.644040835E+01  1.409517384E+01
1.645939455E+01  1.316695690E+01
1.647838074E+01  1.263766575E+01
1.649736693E+01  1.159246445E+01
1.651635313E+01  1.081847382E+01
1.653533932E+01  1.022531891E+01
1.655432551E+01  9.798926353E+00
1.657331171E+01  9.493860245E+00
1.659229790E+01  9.218812943E+00
1.661128409E+01  9.015939713E+00
1.663027029E+01  8.875528336E+00
1.664925648E+01  8.681436539E+00
1.666824267E+01  8.335817337E+00
1.668722887E+01  8.377208710E+00
1.670621506E+01  8.123004913E+00
1.672520126E+01  7.888625622E+00
1.674418745E+01  7.607460022E+00
1.676317364E+01  7.720843315E+00
1.678215984E+01  7.249131203E+00
1.680114603E+01  7.009446621E+00
1.682013222E+01  6.524325371E+00
1.683911842E+01  6.117851734E+00
1.685810461E+01  5.493202209E+00
1.687709080E+01  4.962234974E+00
1.689607700E+01  4.289407253E+00
1.691506319E+01  3.659858227E+00
1.693404939E+01  3.320445538E+00
1.695303558E+01  2.709816694E+00
1.697202177E+01  2.366626501E+00
1.699100797E+01  1.412252784E+00
1.700999416E+01  9.427654147E-01
1.702898035E+01  4.736454785E-01
1.704796655E+01  6.536239982E-01
1.706695274E+01  2.526594698E-01
1.708593893E+01  -5.665785074E-02
1.710492513E+01  -1.588366628E-01
1.712391132E+01  -7.351677865E-02
1.714289751E+01  6.644362211E-02
1.716188371E+01  -7.742292434E-02
1.718086990E+01  2.427871339E-02
1.719985610E+01  -2.022929192E-01
1.721884229E+01  -3.565480709E-01
1.723782848E+01  -4.497722983E-01
1.725681468E+01  -1.100669354E-01
1.727580087E+01  -4.155096412E-01
1.729478706E+01  -8.431901336E-01
1.731377326E+01  -1.006911993E+00
1.733275945E+01  -9.422119856E-01
1.735174564E+01  -7.144542336E-01
1.737073184E+01  -2.956619859E-01
1.738971803E+01  3.193009794E-01
1.740870423E+01  7.244082093E-01
1.742769042E+01  1.310812712E+00
1.744667661E+01  2.286666870E+00
1.746566281E+01  3.619884968E+00
1.748464900E+01  4.599924088E+00
1.750363519E+01  5.487257481E+00
1.752262139E+01  6.594382763E+00
1.754160758E+01  7.693974495E+00
1.756059377E+01  8.213068962E+00
1.757957997E+01  8.419504166E+00
1.759856616E+01  8.704091072E+00
1.761755235E+01  9.625598907E+00
1.763653855E+01  1.055979633E+01
1.765552474E+01  1.176461029E+01
1.767451094E+01  1.297467422E+01
1.769349713E+01  1.481049919E+01
1.771248332E+01  1.662938309E+01
1.773146952E+01  1.827005196E+01
1.775045571E+01  2.027475739E+01
1.776944190E+01  2.298828697E+01
1.778842810E+01  2.649398422E+01
1.780741429E+01  3.146029472E+01
1.782640048E+01  3.740179825E+01
1.784538668E+01  4.530528641E+01
1.786437287E+01  5.555722427E+01
1.788335907E+01  6.849110413E+01
1.790234526E+01  8.329875946E+01
1.792133145E+01  9.810270691E+01
1.794031765E+01  1.121414948E+02
1.795930384E+01  1.225977173E+02
1.797829003E+01  1.297858124E+02
1.799727623E+01  1.316945038E+02
1.801626242E+01  1.299376221E+02
1.803524861E+01  1.250732269E+02
1.805423481E+01  1.190988693E+02
1.807322100E+01  1.124324341E+02
1.809220719E+01  1.051755295E+02
1.811119339E+01  9.791696167E+01
1.813017958E+01  8.985809326E+01
1.814916578E+01  8.188923645E+01
1.816815197E+01  7.246718597E+01
1.818713816E+01  6.262041473E+01
1.820612436E+01  5.256620407E+01
1.822511055E+01  4.360106659E+01
1.824409674E+01  3.633854675E+01
1.826308294E+01  3.045493507E+01
1.828206913E+01  2.568288612E+01
1.830105532E+01  2.121800041E+01
1.832004152E+01  1.796530342E+01
1.833902771E+01  1.542436504E+01
1.835801391E+01  1.375216007E+01
1.837700010E+01  1.216726780E+01
1.839598629E+01  1.115209484E+01
1.841497249E+01  1.063439369E+01
1.843395868E+01  9.642204285E+00
1.845294487E+01  8.999500275E+00
1.847193107E+01  8.111031532E+00
1.849091726E+01  7.709451675E+00
1.850990345E+01  7.459600925E+00
1.852888965E+01  7.811410427E+00
1.854787584E+01  7.985334396E+00
1.856686203E+01  8.221432686E+00
1.858584823E+01  8.610412598E+00
1.860483442E+01  8.965655327E+00
1.862382062E+01  9.870640755E+00
1.864280681E+01  1.112003231E+01
1.866179300E+01  1.248104763E+01
1.868077920E+01  1.369030190E+01
1.869976539E+01  1.577086544E+01
1.871875158E+01  1.778695679E+01
1.873773778E+01  1.976744461E+01
1.875672397E+01  2.211833954E+01
1.877571016E+01  2.496825790E+01
1.879469636E+01  2.763434601E+01
1.881368255E+01  3.039670753E+01
1.883266875E+01  3.321134567E+01
1.885165494E+01  3.586393356E+01
1.887064113E+01  3.831145477E+01
1.888962733E+01  4.039021301E+01
1.890861352E+01  4.158282471E+01
1.892759971E+01  4.236893845E+01
1.894658591E+01  4.313506317E+01
1.896557210E+01  4.342980957E+01
1.898455829E+01  4.317209244E+01
1.900354449E+01  4.183789062E+01
1.902253068E+01  4.014226913E+01
1.904151687E+01  3.748962021E+01
1.906050307E+01  3.454330444E+01
1.907948926E+01  3.153116608E+01
1.909847546E+01  2.870588684E+01
1.911746165E+01  2.544431305E+01
1.913644784E+01  2.212430573E+01
1.915543404E+01  1.916382599E+01
1.917442023E+01  1.666052055E+01
1.919340642E+01  1.457308960E+01
1.921239262E+01  1.223542309E+01
1.923137881E+01  1.010488796E+01
1.925036500E+01  7.912035942E+00
1.926935120E+01  5.982194901E+00
1.928833739E+01  4.380351543E+00
1.930732359E+01  3.095811844E+00
1.932630978E+01  1.941526413E+00
1.934529597E+01  1.194727540E+00
1.936428217E+01  7.495337725E-01
1.938326836E+01  3.765628040E-01
1.940225455E+01  3.844451904E-01
1.942124075E+01  5.280734301E-01
1.944022694E+01  1.440486431E+00
1.945921313E+01  2.717418432E+00
1.947819933E+01  4.264360428E+00
1.949718552E+01  6.350513458E+00
1.951617172E+01  8.646129608E+00
1.953515791E+01  1.124136925E+01
1.955414410E+01  1.394094849E+01
1.957313030E+01  1.754891586E+01
1.959211649E+01  2.186631203E+01
1.961110268E+01  2.638508606E+01
1.963008888E+01  3.092021561E+01
1.964907507E+01  3.489950180E+01
1.966806126E+01  3.929234314E+01
1.968704746E+01  4.295701218E+01
1.970603365E+01  4.688414001E+01
1.972501984E+01  4.993095398E+01
1.974400604E+01  5.444952011E+01
1.976299223E+01  5.606075668E+01
1.978197843E+01  5.832468414E+01
1.980096462E+01  5.791835785E+01
1.981995081E+01  5.697231293E+01
1.983893701E+01  5.425094604E+01
1.985792320E+01  5.180132294E+01
1.987690939E+01  4.759194946E+01
1.989589559E+01  4.406348801E+01
1.991488178E+01  3.938023758E+01
1.993386797E+01  3.539382553E+01
1.995285417E+01  3.020729065E+01
1.997184036E+01  2.645769691E+01
1.999082656E+01  2.326552010E+01
2.000981275E+01  2.014841461E+01
2.002879894E+01  1.794921684E+01
2.004778514E+01  1.591706753E+01
2.006677133E+01  1.464410591E+01
2.008575752E+01  1.310873127E+01
2.010474372E+01  1.251235962E+01
2.012372991E+01  1.135904980E+01
2.014271610E+01  1.159241676E+01
2.016170230E+01  1.130428314E+01
2.018068849E+01  1.155656147E+01
2.019967468E+01  1.127961826E+01
2.021866088E+01  1.127613354E+01
2.023764707E+01  1.118722725E+01
2.025663327E+01  1.127291679E+01
2.027561946E+01  1.179450226E+01
2.029460565E+01  1.200698090E+01
2.031359185E+01  1.216579819E+01
2.033257804E+01  1.189727688E+01
2.035156423E+01  1.245061207E+01
2.037055043E+01  1.249442959E+01
2.038953662E+01  1.297784996E+01
2.040852281E+01  1.313832378E+01
2.042750901E+01  1.318207264E+01
2.044649520E+01  1.322562790E+01
2.046548140E+01  1.331484699E+01
2.048446759E+01  1.318432617E+01
2.050345378E+01  1.352593803E+01
2.052243998E+01  1.317979813E+01
2.054142617E+01  1.348193169E+01
2.056041236E+01  1.340149879E+01
2.057939856E+01  1.360965443E+01
2.059838475E+01  1.380402470E+01
2.061737094E+01  1.378646660E+01
2.063635714E+01  1.398401642E+01
2.065534333E+01  1.364731121E+01
2.067432952E+01  1.420831680E+01
2.069331572E+01  1.415604210E+01
2.071230191E+01  1.438825417E+01
2.073128811E+01  1.477977085E+01
2.075027430E+01  1.508184624E+01
2.076926049E+01  1.525715923E+01
2.078824669E+01  1.545415878E+01
2.080723288E+01  1.624827957E+01
2.082621907E+01  1.715316010E+01
2.084520527E+01  1.789482307E+01
2.086419146E+01  1.822689629E+01
2.088317765E+01  1.888725090E+01
2.090216385E+01  1.938330269E+01
2.092115004E+01  1.985458183E+01
2.094013624E+01  1.997269249E+01
2.095912243E+01  2.016085625E+01
2.097810862E+01  2.035062599E+01
2.099709482E+01  2.085485458E+01
2.101608101E+01  2.111822891E+01
2.103506720E+01  2.109714317E+01
2.105405340E+01  2.084328461E+01
2.107303959E+01  2.028222656E+01
2.109202578E+01  1.969059563E+01
2.111101198E+01  1.921994400E+01
2.112999817E+01  1.854906273E+01
2.114898436E+01  1.731924438E+01
2.116797056E+01  1.570735264E+01
2.118695675E+01  1.424453449E+01
2.120594295E+01  1.293933392E+01
2.122492914E+01  1.131123161E+01
2.124391533E+01  9.991712570E+00
2.126290153E+01  8.693520546E+00
2.128188772E+01  7.529314041E+00
2.130087391E+01  6.140349388E+00
2.131986011E+01  4.902233124E+00
2.133884630E+01  4.047457695E+00
2.135783249E+01  3.322828054E+00
2.137681869E+01  2.479542971E+00
2.139580488E+01  1.863270164E+00
2.141479108E+01  1.549070120E+00
2.143377727E+01  9.934064746E-01
2.145276346E+01  3.764044642E-01
2.147174966E+01  -1.172325835E-01
2.149073585E+01  -3.186601996E-01
2.150972204E+01  -5.643248558E-01
2.152870824E+01  -5.108438730E-01
2.154769443E+01  -3.885913193E-01
2.156668062E+01  2.474439330E-02
2.158566682E+01  7.101659775E-01
2.160465301E+01  1.921074629E+00
2.162363920E+01  3.264214516E+00
2.164262540E+01  5.112616539E+00
2.166161159E+01  7.582636356E+00
2.168059779E+01  1.086547661E+01
2.169958398E+01  1.519000816E+01
2.171857017E+01  2.070866776E+01
2.173755637E+01  2.711479568E+01
2.175654256E+01  3.430965042E+01
2.177552875E+01  4.288743973E+01
2.179451495E+01  5.315789795E+01
2.181350114E+01  6.497588348E+01
2.183248733E+01  7.698713684E+01
2.185147353E+01  8.637140656E+01
2.187045972E+01  9.065885925E+01
2.188944592E+01  8.961962891E+01
2.190843211E+01  8.347766876E+01
2.192741830E+01  7.273666382E+01
2.194640450E+01  5.897528458E+01
2.196539069E+01  4.582386398E+01
2.198437688E+01  3.438424683E+01
2.200336308E+01  2.614858627E+01
2.202234927E+01  2.017315292E+01
2.204133546E+01  1.607669258E+01
2.206032166E+01  1.319974518E+01
2.207930785E+01  1.128591919E+01
2.209829405E+01  9.884620667E+00
2.211728024E+01  8.495804787E+00
2.213626643E+01  6.810945511E+00
2.215525263E+01  5.143319130E+00
2.217423882E+01  3.550485134E+00
2.219322501E+01  2.110206604E+00
2.221221121E+01  1.036228418E+00
2.223119740E+01  2.735518813E-01
2.225018359E+01  -2.861238122E-01
2.226916979E+01  -5.764488578E-01
2.228815598E+01  -6.055656075E-01
2.230714217E+01  -4.544959068E-01
2.232612837E+01  -5.777979493E-01
2.234511456E+01  -4.306776822E-01
2.236410076E+01  -2.665262222E-01
2.238308695E+01  1.011474729E-01
2.240207314E+01  5.424207449E-01
2.242105934E+01  1.175147533E+00
2.244004553E+01  8.370058537E-01
2.245903172E+01  6.068143845E-01
2.247801792E+01  2.514739037E-01
2.249700411E+01  4.381117821E-01
2.251599030E+01  2.719984651E-01
2.253497650E+01  2.615769207E-01
2.255396269E+01  2.520330250E-01
2.257294889E+01  2.231203914E-01
2.259193508E+01  2.794714272E-01
2.261092127E+01  1.837828904E-01
2.262990747E+01  3.038547039E-01
2.264889366E+01  2.412594557E-01
2.266787985E+01  8.456718922E-02
2.268686605E+01  2.795516886E-02
2.270585224E+01  9.522433579E-02
2.272483843E+01  2.076717168E-01
2.274382463E+01  3.861180544E-01
2.276281082E+01  3.669831157E-01
2.278179701E+01  2.365355939E-01
2.280078321E+01  1.653109938E-01
2.281976940E+01  1.124953628E-01
2.283875560E+01  -1.258921474E-01
2.285774179E+01  -2.740938962E-01
2.287672798E+01  -2.068132907E-01
2.289571418E+01  -1.027214807E-02
2.291470037E+01  -6.449510157E-02
2.293368656E+01  -1.119777858E-01
2.295267276E+01  -1.750736982E-01
2.297165895E+01  -7.100108266E-02
2.299064514E+01  -5.175273865E-03
2.300963134E+01  1.776271909E-01
2.302861753E+01  1.079080999E-01
2.304760373E+01  1.691237241E-01
2.306658992E+01  2.872735560E-01
2.308557611E+01  6.595858932E-01
2.310456231E+01  6.813092232E-01
2.312354850E+01  5.448744297E-01
2.314253469E+01  4.894233942E-01
2.316152089E+01  4.728502333E-01
2.318050708E+01  4.730118215E-01
2.319949327E+01  5.305556059E-01
2.321847947E+01  7.849350572E-01
2.323746566E+01  6.010847688E-01
2.325645185E+01  3.844109774E-01
2.327543805E+01  1.501742750E-01
2.329442424E+01  5.626438186E-02
2.331341044E+01  -2.230543643E-01
2.333239663E+01  -1.367433518E-01
2.335138282E+01  7.325010002E-02
2.337036902E+01  2.703402340E-01
2.338935521E+01  2.150455862E-02
2.340834140E+01  3.803406656E-02
2.342732760E+01  -9.020675719E-02
2.344631379E+01  1.822705865E-01
2.346529998E+01  5.053888559E-01
2.348428618E+01  7.777460217E-01
2.350327237E+01  3.397035003E-01
2.352225857E+01  8.511890173E-01
2.354124476E+01  1.513221025E+00
2.356023095E+01  1.588104963E+00
2.357921715E+01  9.929679036E-01
2.359820334E+01  6.078992486E-01
2.361718953E+01  4.172849655E-01
2.363617573E+01  4.060429633E-01
2.365516192E+01  2.721011043E-01
2.367414811E+01  3.160142601E-01
2.369313431E+01  9.387176484E-02
2.371212050E+01  7.209549099E-02
2.373110669E+01  1.970066279E-01
2.375009289E+01  4.586108029E-01
2.376907908E+01  5.099313259E-01
2.378806528E+01  3.217699230E-01
2.380705147E+01  1.188668832E-01
2.382603766E+01  2.988967858E-02
2.384502386E+01  -1.826370507E-01
2.386401005E+01  -1.314698607E-01
2.388299624E+01  -9.293849021E-02
2.390198244E+01  1.282226890E-01
2.392096863E+01  2.531814575E-01
2.393995482E+01  4.143011272E-01
2.395894102E+01  4.114988744E-01
2.397792721E+01  4.073878825E-01
2.399691341E+01  2.697336078E-01
2.401589960E+01  8.649750054E-02
2.403488579E+01  5.158376694E-02
2.405387199E+01  5.555415992E-03
2.407285818E+01  7.786163688E-02
2.409184437E+01  6.777620409E-03
2.411083057E+01  -9.628567932E-05
2.412981676E+01  -1.898534447E-01
2.414880295E+01  -1.561649144E-01
2.416778915E+01  9.110451676E-03
2.418677534E+01  8.075702190E-02
2.420576153E+01  1.179875582E-01
2.422474773E+01  1.475664787E-02
2.424373392E+01  -5.805837363E-02
