2.933934695E+00  6.443809867E-01
2.952937961E+00  1.190845609E+00
2.971941227E+00  4.876012206E-01
2.990944494E+00  -8.955904096E-02
3.009947760E+00  -3.407132030E-01
3.028951026E+00  -7.270161808E-02
3.047954292E+00  9.008568525E-02
3.066957559E+00  6.724952459E-01
3.085960825E+00  8.148545623E-01
3.104964091E+00  1.525076270E+00
3.123967357E+00  1.976009846E+00
3.142970624E+00  1.869881749E+00
3.161973890E+00  1.614857912E+00
3.180977156E+00  8.606944084E-01
3.199980422E+00  5.868388414E-01
3.218983689E+00  9.547063112E-01
3.237986955E+00  1.081050515E+00
3.256990221E+00  1.270872474E+00
3.275993487E+00  1.295270562E+00
3.294996754E+00  1.147016883E+00
3.314000020E+00  8.411888480E-01
3.333003286E+00  8.371188045E-01
3.352006552E+00  9.205377698E-01
3.371009819E+00  1.895220995E+00
3.390013085E+00  1.863384247E+00
3.409016351E+00  1.597879291E+00
3.428019618E+00  1.714659691E+00
3.447022884E+00  1.953847289E+00
3.466026150E+00  2.529009581E+00
3.485029416E+00  3.369050741E+00
3.504032683E+00  4.136916637E+00
3.523035949E+00  5.782275677E+00
3.542039215E+00  8.210010529E+00
3.561042481E+00  1.102822876E+01
3.580045748E+00  1.225050831E+01
3.599049014E+00  1.106151867E+01
3.618052280E+00  8.345856667E+00
3.637055546E+00  6.158397675E+00
3.656058813E+00  5.013096333E+00
3.675062079E+00  4.024171352E+00
3.694065345E+00  3.740479231E+00
3.713068611E+00  3.390953064E+00
3.732071878E+00  2.737431049E+00
3.751075144E+00  1.853725672E+00
3.770078410E+00  1.493624568E+00
3.789081676E+00  1.368525982E+00
3.808084943E+00  9.750710130E-01
3.827088209E+00  7.463769317E-01
3.846091475E+00  1.085325599E+00
3.865094741E+00  1.318297148E+00
3.884098008E+00  1.186338425E+00
3.903101274E+00  6.395577192E-01
3.922104540E+00  4.274242222E-01
3.941107806E+00  3.190472126E-01
3.960111073E+00  6.805498600E-01
3.979114339E+00  5.027692914E-01
3.998117605E+00  1.278046072E-01
4.017120871E+00  -3.858234361E-02
4.036124138E+00  5.226209164E-01
4.055127404E+00  1.269679070E+00
4.074130670E+00  9.577582479E-01
4.093133936E+00  5.903139710E-01
4.112137203E+00  5.101298690E-01
4.131140469E+00  7.043662667E-01
4.150143735E+00  5.006195903E-01
4.169147001E+00  7.533737421E-01
4.188150268E+00  6.563115120E-01
4.207153534E+00  1.009815335E+00
4.226156800E+00  8.450403214E-01
4.245160066E+00  7.113057971E-01
4.264163333E+00  7.964686155E-01
4.283166599E+00  3.424795270E-01
4.302169865E+00  4.349659383E-01
4.321173131E+00  7.358092070E-01
4.340176398E+00  1.166009545E+00
4.359179664E+00  1.215214491E+00
4.378182930E+00  2.678782344E-01
4.397186196E+00  5.742725357E-02
4.416189463E+00  1.707529277E-02
4.435192729E+00  7.639684677E-01
4.454195995E+00  7.997891903E-01
4.473199261E+00  8.964313865E-01
4.492202528E+00  8.200368285E-01
4.511205794E+00  9.983426332E-01
4.530209060E+00  1.236304641E+00
4.549212326E+00  1.071229935E+00
4.568215593E+00  8.670271039E-01
4.587218859E+00  8.638225198E-01
4.606222125E+00  9.061183929E-01
4.625225391E+00  5.268296599E-01
4.644228658E+00  7.329678535E-02
4.663231924E+00  -1.632079929E-01
4.682235190E+00  2.519561052E-01
4.701238456E+00  9.030740857E-01
4.720241723E+00  9.607861638E-01
4.739244989E+00  1.099222064E+00
4.758248255E+00  5.087020993E-01
4.777251521E+00  2.374029011E-01
4.796254788E+00  1.940659583E-01
4.815258054E+00  -1.993598938E-01
4.834261320E+00  4.507162794E-02
4.853264586E+00  9.542112797E-02
4.872267853E+00  6.840621233E-01
4.891271119E+00  6.456897855E-01
4.910274385E+00  5.958794951E-01
4.929277651E+00  4.928256869E-01
4.948280918E+00  1.234542966E+00
4.967284184E+00  1.019206166E+00
4.986287450E+00  6.748821139E-01
5.005290716E+00  2.912031412E-01
5.024293983E+00  8.257111907E-01
5.043297249E+00  9.502387047E-01
5.062300515E+00  6.568719745E-01
5.081303782E+00  3.155595958E-01
5.100307048E+00  5.708774328E-01
5.119310314E+00  9.409883022E-01
5.138313580E+00  1.233632207E+00
5.157316847E+00  1.588139296E+00
5.176320113E+00  1.813675404E+00
5.195323379E+00  1.581964731E+00
5.214326645E+00  1.693360090E+00
5.233329912E+00  1.393785596E+00
5.252333178E+00  1.732602358E+00
5.271336444E+00  8.142875433E-01
5.290339710E+00  5.301543474E-01
5.309342977E+00  -4.012925178E-02
5.328346243E+00  2.500744164E-01
5.347349509E+00  2.074248157E-02
5.366352775E+00  -8.186309040E-02
5.385356042E+00  5.404078588E-02
5.404359308E+00  -1.504036486E-01
5.423362574E+00  1.263199002E-01
5.442365840E+00  3.121219277E-01
5.461369107E+00  1.023151159E+00
5.480372373E+00  1.490060449E+00
5.499375639E+00  1.463183761E+00
5.518378905E+00  1.194619894E+00
5.537382172E+00  1.050502181E+00
5.556385438E+00  1.391656399E+00
5.575388704E+00  9.624689221E-01
5.594391970E+00  7.524558306E-01
5.613395237E+00  7.850797176E-01
5.632398503E+00  1.103191376E+00
5.651401769E+00  1.238038182E+00
5.670405035E+00  1.436421633E+00
5.689408302E+00  1.143988371E+00
5.708411568E+00  2.876563668E-01
5.727414834E+00  -2.002299428E-01
5.746418100E+00  1.340322644E-01
5.765421367E+00  6.624480486E-01
5.784424633E+00  1.002398849E+00
5.803427899E+00  1.161496758E+00
5.822431165E+00  1.259098768E+00
5.841434432E+00  1.071109414E+00
5.860437698E+00  1.016998410E+00
5.879440964E+00  1.286375284E+00
5.898444230E+00  1.778277397E+00
5.917447497E+00  2.355002642E+00
5.936450763E+00  2.140666008E+00
5.955454029E+00  1.668891191E+00
5.974457295E+00  2.077363253E+00
5.993460562E+00  2.226711035E+00
6.012463828E+00  2.296579361E+00
6.031467094E+00  1.425902963E+00
6.050470360E+00  7.599368095E-01
6.069473627E+00  4.334251285E-01
6.088476893E+00  4.043123722E-01
6.107480159E+00  6.833570600E-01
6.126483425E+00  8.693948984E-01
6.145486692E+00  9.506836534E-01
6.164489958E+00  7.989822030E-01
6.183493224E+00  2.443781942E-01
6.202496490E+00  -1.944122761E-01
6.221499757E+00  -1.446849667E-02
6.240503023E+00  1.215833649E-01
6.259506289E+00  -5.776058137E-02
6.278509555E+00  6.006640568E-02
6.297512822E+00  1.627243161E-01
6.316516088E+00  2.190799266E-01
6.335519354E+00  1.090722308E-01
6.354522620E+00  1.126476675E-01
6.373525887E+00  1.413254887E-01
6.392529153E+00  -4.923394695E-02
6.411532419E+00  -8.547297120E-02
6.430535685E+00  3.095232248E-01
6.449538952E+00  7.161412239E-01
6.468542218E+00  1.512546659E+00
6.487545484E+00  1.998981476E+00
6.506548750E+00  3.022229195E+00
6.525552017E+00  4.273969650E+00
6.544555283E+00  6.007972240E+00
6.563558549E+00  6.763943195E+00
6.582561815E+00  7.016038418E+00
6.601565082E+00  5.915739536E+00
6.620568348E+00  4.302580833E+00
6.639571614E+00  2.426013470E+00
6.658574880E+00  8.104425073E-01
6.677578147E+00  -4.009038210E-02
6.696581413E+00  -2.409511711E-03
6.715584679E+00  5.084630251E-01
6.734587946E+00  8.191246390E-01
6.753591212E+00  6.490695477E-01
6.772594478E+00  7.671999335E-01
6.791597744E+00  8.317628503E-01
6.810601011E+00  7.748733759E-01
6.829604277E+00  1.336100698E+00
6.848607543E+00  2.409927607E+00
6.867610809E+00  3.739492655E+00
6.886614076E+00  5.039973259E+00
6.905617342E+00  6.420920849E+00
6.924620608E+00  7.711134911E+00
6.943623874E+00  9.019959450E+00
6.962627141E+00  1.016524696E+01
6.981630407E+00  1.076564026E+01
7.000633673E+00  1.138665104E+01
7.019636939E+00  1.185072803E+01
7.038640206E+00  1.295771885E+01
7.057643472E+00  1.485586834E+01
7.076646738E+00  1.824246025E+01
7.095650004E+00  2.299787521E+01
7.114653271E+00  2.882406425E+01
7.133656537E+00  3.667160034E+01
7.152659803E+00  4.324670029E+01
7.171663069E+00  4.992203522E+01
7.190666336E+00  5.154209900E+01
7.209669602E+00  4.957125473E+01
7.228672868E+00  4.418284225E+01
7.247676134E+00  3.798429108E+01
7.266679401E+00  3.126936150E+01
7.285682667E+00  2.533279991E+01
7.304685933E+00  2.043142319E+01
7.323689199E+00  1.636727142E+01
7.342692466E+00  1.326109028E+01
7.361695732E+00  1.019548893E+01
7.380698998E+00  8.181565285E+00
7.399702264E+00  6.785346508E+00
7.418705531E+00  6.137862682E+00
7.437708797E+00  5.539545536E+00
7.456712063E+00  4.520056725E+00
7.475715329E+00  3.727756023E+00
7.494718596E+00  3.279032707E+00
7.513721862E+00  2.892096519E+00
7.532725128E+00  2.680846930E+00
7.551728394E+00  2.314189911E+00
7.570731661E+00  2.045580864E+00
7.589734927E+00  1.564006686E+00
7.608738193E+00  1.236709952E+00
7.627741459E+00  1.048336625E+00
7.646744726E+00  9.691328406E-01
7.665747992E+00  1.257207155E+00
7.684751258E+00  1.028753161E+00
7.703754524E+00  4.794407487E-01
7.722757791E+00  6.403074861E-01
7.741761057E+00  7.407973409E-01
7.760764323E+00  8.108586669E-01
7.779767589E+00  4.884411097E-01
7.798770856E+00  3.213613927E-01
7.817774122E+00  9.864947945E-02
7.836777388E+00  2.069799453E-01
7.855780654E+00  1.513792574E-01
7.874783921E+00  1.572188362E-02
7.893787187E+00  -2.609934658E-02
7.912790453E+00  2.209340781E-01
7.931793719E+00  4.807032049E-01
7.950796986E+00  5.301371813E-01
7.969800252E+00  5.873666406E-01
7.988803518E+00  1.080980420E+00
8.007806784E+00  1.108094335E+00
8.026810051E+00  7.228485942E-01
8.045813317E+00  3.437413871E-01
8.064816583E+00  1.411397308E-01
8.083819849E+00  3.849203289E-01
8.102823116E+00  7.624311447E-01
8.121826382E+00  7.623863220E-01
8.140829648E+00  6.590722799E-01
8.159832914E+00  5.418723822E-01
8.178836181E+00  4.755009711E-02
8.197839447E+00  -9.092387557E-02
8.216842713E+00  -7.043505460E-02
8.235845979E+00  1.569104493E-01
8.254849246E+00  4.546007514E-01
8.273852512E+00  4.735340178E-01
8.292855778E+00  4.376924634E-01
8.311859045E+00  4.327917993E-01
8.330862311E+00  4.185331762E-01
8.349865577E+00  6.533766389E-01
8.368868843E+00  5.107027292E-01
8.387872110E+00  2.268282771E-01
8.406875376E+00  -2.929329276E-01
8.425878642E+00  -1.587793082E-01
8.444881908E+00  5.075875297E-02
8.463885175E+00  3.195353746E-01
8.482888441E+00  2.762483358E-01
8.501891707E+00  1.508304030E-01
8.520894973E+00  -1.684816480E-01
8.539898240E+00  -2.751297951E-01
8.558901506E+00  3.568937257E-02
8.577904772E+00  3.309760094E-01
8.596908038E+00  1.544615924E-01
8.615911305E+00  1.522825062E-01
8.634914571E+00  1.311642677E-01
8.653917837E+00  1.115856022E-01
8.672921103E+00  6.479603797E-02
8.691924370E+00  1.880566776E-01
8.710927636E+00  3.233137429E-01
8.729930902E+00  4.820428491E-01
8.748934168E+00  2.663640082E-01
8.767937435E+00  2.873185277E-01
8.786940701E+00  -5.473257974E-02
8.805943967E+00  -1.325141788E-01
8.824947233E+00  -9.166646004E-02
8.843950500E+00  3.696251810E-01
8.862953766E+00  6.323463321E-01
8.881957032E+00  6.435790658E-01
8.900960298E+00  1.348726004E-01
8.919963565E+00  -2.711877823E-01
8.938966831E+00  -3.086903095E-01
8.957970097E+00  -1.925258189E-01
8.976973363E+00  2.239744067E-01
8.995976630E+00  5.795629621E-01
9.014979896E+00  7.364605069E-01
9.033983162E+00  9.283048511E-01
9.052986428E+00  1.244876146E+00
9.071989695E+00  2.178665638E+00
9.090992961E+00  3.065212488E+00
9.109996227E+00  3.723299265E+00
9.128999493E+00  4.432946682E+00
9.148002760E+00  5.312180996E+00
9.167006026E+00  6.355193138E+00
9.186009292E+00  7.777870655E+00
9.205012558E+00  9.394517899E+00
9.224015825E+00  1.133913422E+01
9.243019091E+00  1.380747700E+01
9.262022357E+00  1.735144234E+01
9.281025623E+00  2.173445320E+01
9.300028890E+00  2.715795708E+01
9.319032156E+00  3.458501434E+01
9.338035422E+00  4.530989838E+01
9.357038688E+00  5.955825424E+01
9.376041955E+00  7.799459839E+01
9.395045221E+00  1.015519714E+02
9.414048487E+00  1.329161835E+02
9.433051753E+00  1.676380920E+02
9.452055020E+00  2.052479706E+02
9.471058286E+00  2.388472290E+02
9.490061552E+00  2.654109802E+02
9.509064818E+00  2.808153992E+02
9.528068085E+00  2.853689880E+02
9.547071351E+00  2.810782776E+02
9.566074617E+00  2.696129150E+02
9.585077883E+00  2.521861725E+02
9.604081150E+00  2.323442993E+02
9.623084416E+00  2.124644012E+02
9.642087682E+00  1.934925079E+02
9.661090948E+00  1.761655273E+02
9.680094215E+00  1.606783295E+02
9.699097481E+00  1.481320343E+02
9.718100747E+00  1.374528656E+02
9.737104013E+00  1.295769958E+02
9.756107280E+00  1.231874008E+02
9.775110546E+00  1.185661774E+02
9.794113812E+00  1.141482391E+02
9.813117078E+00  1.107851257E+02
9.832120345E+00  1.090772324E+02
9.851123611E+00  1.074777451E+02
9.870126877E+00  1.070688858E+02
9.889130143E+00  1.055962906E+02
9.908133410E+00  1.024817123E+02
9.927136676E+00  9.752185822E+01
9.946139942E+00  9.147849274E+01
9.965143209E+00  8.446528625E+01
9.984146475E+00  7.767263794E+01
1.000314974E+01  7.068498230E+01
1.002215301E+01  6.427391052E+01
1.004115627E+01  5.788547897E+01
1.006015954E+01  5.216392136E+01
1.007916281E+01  4.632238770E+01
1.009816607E+01  4.027386093E+01
1.011716934E+01  3.452993011E+01
1.013617260E+01  2.953567886E+01
1.015517587E+01  2.508626938E+01
1.017417914E+01  2.065537834E+01
1.019318240E+01  1.675289917E+01
1.021218567E+01  1.348006153E+01
1.023118894E+01  1.067406082E+01
1.025019220E+01  8.569776535E+00
1.026919547E+01  6.633576393E+00
1.028819873E+01  5.097762585E+00
1.030720200E+01  3.683212757E+00
1.032620527E+01  2.747929811E+00
1.034520853E+01  1.841136575E+00
1.036421180E+01  8.194283843E-01
1.038321507E+01  1.778288335E-01
1.040221833E+01  -2.948588431E-01
1.042122160E+01  -8.932030201E-01
1.044022486E+01  -1.250667095E+00
1.045922813E+01  -1.224512935E+00
1.047823140E+01  -7.650951743E-01
1.049723466E+01  -6.815184355E-01
1.051623793E+01  -6.031563878E-01
1.053524120E+01  -5.122628808E-01
1.055424446E+01  1.425155252E-01
1.057324773E+01  1.162520409E+00
1.059225099E+01  2.534288883E+00
1.061125426E+01  3.373992205E+00
1.063025753E+01  3.910753489E+00
1.064926079E+01  4.426323414E+00
1.066826406E+01  4.493298054E+00
1.068726733E+01  4.233990192E+00
1.070627059E+01  3.938804388E+00
1.072527386E+01  3.924109697E+00
1.074427712E+01  3.944358826E+00
1.076328039E+01  3.594455719E+00
1.078228366E+01  3.119289637E+00
1.080128692E+01  2.638415337E+00
1.082029019E+01  2.300572634E+00
1.083929346E+01  2.172673464E+00
1.085829672E+01  2.036227703E+00
1.087729999E+01  2.146936655E+00
1.089630325E+01  2.467506647E+00
1.091530652E+01  2.828974485E+00
1.093430979E+01  2.837731361E+00
1.095331305E+01  3.142655611E+00
1.097231632E+01  3.148653269E+00
1.099131959E+01  3.393122435E+00
1.101032285E+01  3.546023607E+00
1.102932612E+01  4.029371262E+00
1.104832938E+01  3.680911541E+00
1.106733265E+01  3.304642677E+00
1.108633592E+01  3.280585289E+00
1.110533918E+01  3.600549459E+00
1.112434245E+01  3.985885382E+00
1.114334572E+01  4.074450493E+00
1.116234898E+01  4.078125954E+00
1.118135225E+01  3.985470533E+00
1.120035551E+01  4.071854115E+00
1.121935878E+01  4.395689964E+00
1.123836205E+01  4.715415478E+00
1.125736531E+01  5.262672424E+00
1.127636858E+01  5.555084705E+00
1.129537185E+01  6.226202965E+00
1.131437511E+01  6.910991192E+00
1.133337838E+01  7.634106636E+00
1.135238164E+01  7.708630085E+00
1.137138491E+01  7.767565727E+00
1.139038818E+01  7.618231773E+00
1.140939144E+01  7.781294823E+00
1.142839471E+01  7.663965702E+00
1.144739798E+01  7.236727238E+00
1.146640124E+01  6.826526165E+00
1.148540451E+01  6.287230015E+00
1.150440777E+01  5.614136696E+00
1.152341104E+01  4.882866859E+00
1.154241431E+01  3.953377247E+00
1.156141757E+01  3.474849701E+00
1.158042084E+01  2.714490891E+00
1.159942411E+01  1.938350320E+00
1.161842737E+01  1.152549386E+00
1.163743064E+01  9.371632338E-01
1.165643391E+01  7.648571730E-01
1.167543717E+01  6.275837421E-01
1.169444044E+01  2.650392652E-01
1.171344370E+01  9.404829890E-02
1.173244697E+01  1.656424999E-01
1.175145024E+01  -5.028007552E-03
1.177045350E+01  -4.317661822E-01
1.178945677E+01  -1.124078631E+00
1.180846004E+01  -1.138506293E+00
1.182746330E+01  -6.505389810E-01
1.184646657E+01  -9.533285350E-02
1.186546983E+01  1.586434543E-01
1.188447310E+01  -2.414778993E-02
1.190347637E+01  1.598920375E-01
1.192247963E+01  4.206894636E-01
1.194148290E+01  6.995851398E-01
1.196048617E+01  1.443287611E+00
1.197948943E+01  2.286609173E+00
1.199849270E+01  3.529591084E+00
1.201749596E+01  4.823869705E+00
1.203649923E+01  6.041402340E+00
1.205550250E+01  7.017734528E+00
1.207450576E+01  8.491434097E+00
1.209350903E+01  1.047904205E+01
1.211251230E+01  1.293380356E+01
1.213151556E+01  1.616238594E+01
1.215051883E+01  1.969617844E+01
1.216952209E+01  2.475379753E+01
1.218852536E+01  3.054662895E+01
1.220752863E+01  3.884267426E+01
1.222653189E+01  4.853862762E+01
1.224553516E+01  6.066485977E+01
1.226453843E+01  7.712805939E+01
1.228354169E+01  9.681660461E+01
1.230254496E+01  1.225239792E+02
1.232154822E+01  1.531940155E+02
1.234055149E+01  1.891756439E+02
1.235955476E+01  2.310950470E+02
1.237855802E+01  2.776413574E+02
1.239756129E+01  3.266414185E+02
1.241656456E+01  3.743107605E+02
1.243556782E+01  4.151275940E+02
1.245457109E+01  4.427178040E+02
1.247357435E+01  4.562380371E+02
1.249257762E+01  4.518106384E+02
1.251158089E+01  4.311315002E+02
1.253058415E+01  3.982267151E+02
1.254958742E+01  3.550111389E+02
1.256859069E+01  3.082200623E+02
1.258759395E+01  2.633060303E+02
1.260659722E+01  2.193114929E+02
1.262560048E+01  1.807836914E+02
1.264460375E+01  1.452676697E+02
1.266360702E+01  1.170140381E+02
1.268261028E+01  9.407804871E+01
1.270161355E+01  7.584931946E+01
1.272061682E+01  6.216503143E+01
1.273962008E+01  5.185623550E+01
1.275862335E+01  4.438298416E+01
1.277762661E+01  3.891699982E+01
1.279662988E+01  3.417437363E+01
1.281563315E+01  3.072156334E+01
1.283463641E+01  2.811270714E+01
1.285363968E+01  2.625566673E+01
1.287264295E+01  2.412333298E+01
1.289164621E+01  2.280082703E+01
1.291064948E+01  2.152279854E+01
1.292965274E+01  2.054759407E+01
1.294865601E+01  1.949170113E+01
1.296765928E+01  1.885712433E+01
1.298666254E+01  1.792753792E+01
1.300566581E+01  1.682935905E+01
1.302466908E+01  1.584350300E+01
1.304367234E+01  1.499174023E+01
1.306267561E+01  1.429376793E+01
1.308167887E+01  1.351069450E+01
1.310068214E+01  1.228468513E+01
1.311968541E+01  1.115446854E+01
1.313868867E+01  1.010747242E+01
1.315769194E+01  9.177832603E+00
1.317669521E+01  8.467725754E+00
1.319569847E+01  7.816981316E+00
1.321470174E+01  7.582062721E+00
1.323370500E+01  7.425383568E+00
1.325270827E+01  7.024096966E+00
1.327171154E+01  6.683297157E+00
1.329071480E+01  6.274787426E+00
1.330971807E+01  6.333008289E+00
1.332872134E+01  6.379960537E+00
1.334772460E+01  6.469589233E+00
1.336672787E+01  6.394374847E+00
1.338573113E+01  6.508449554E+00
1.340473440E+01  6.714415073E+00
1.342373767E+01  6.583137035E+00
1.344274093E+01  6.658296585E+00
1.346174420E+01  6.898679733E+00
1.348074747E+01  7.461029530E+00
1.349975073E+01  7.574419498E+00
1.351875400E+01  7.838244438E+00
1.353775726E+01  8.091862679E+00
1.355676053E+01  7.877409458E+00
1.357576380E+01  7.722486496E+00
1.359476706E+01  7.593845367E+00
1.361377033E+01  7.863870144E+00
1.363277360E+01  7.650052071E+00
1.365177686E+01  7.198201180E+00
1.367078013E+01  6.698273182E+00
1.368978339E+01  6.357048988E+00
1.370878666E+01  5.886353970E+00
1.372778993E+01  5.405513763E+00
1.374679319E+01  4.878607273E+00
1.376579646E+01  4.324172497E+00
1.378479973E+01  3.905402660E+00
1.380380299E+01  3.571259499E+00
1.382280626E+01  3.176823616E+00
1.384180952E+01  2.767915726E+00
1.386081279E+01  2.089432240E+00
1.387981606E+01  1.672488451E+00
1.389881932E+01  1.160699368E+00
1.391782259E+01  9.302991033E-01
1.393682586E+01  7.703331709E-01
1.395582912E+01  5.907903314E-01
1.397483239E+01  3.746150434E-01
1.399383565E+01  -3.351649735E-03
1.401283892E+01  -6.292304397E-01
1.403184219E+01  -9.261551499E-01
1.405084545E+01  -8.172510266E-01
1.406984872E+01  -6.257647872E-01
1.408885199E+01  -1.251433492E-01
1.410785525E+01  3.218982220E-01
1.412685852E+01  1.164484978E+00
1.414586178E+01  1.404869199E+00
1.416486505E+01  2.022457600E+00
1.418386832E+01  2.527567387E+00
1.420287158E+01  3.096008062E+00
1.422187485E+01  2.866719484E+00
1.424087812E+01  3.151701450E+00
1.425988138E+01  3.393119812E+00
1.427888465E+01  3.879049540E+00
1.429788791E+01  4.327671528E+00
1.431689118E+01  5.110752106E+00
1.433589445E+01  5.670402050E+00
1.435489771E+01  5.971394539E+00
1.437390098E+01  6.148012161E+00
1.439290425E+01  6.509459972E+00
1.441190751E+01  6.536831379E+00
1.443091078E+01  6.281172276E+00
1.444991404E+01  6.190584660E+00
1.446891731E+01  6.176599979E+00
1.448792058E+01  6.177879810E+00
1.450692384E+01  5.689817905E+00
1.452592711E+01  5.197536469E+00
1.454493038E+01  4.718302250E+00
1.456393364E+01  4.384670258E+00
1.458293691E+01  4.079170227E+00
1.460194017E+01  3.779338121E+00
1.462094344E+01  3.115588903E+00
1.463994671E+01  2.343322992E+00
1.465894997E+01  1.613752246E+00
1.467795324E+01  9.810709357E-01
1.469695651E+01  7.566409707E-01
1.471595977E+01  3.690834939E-01
1.473496304E+01  1.708878726E-01
1.475396630E+01  1.960340701E-02
1.477296957E+01  -1.276939213E-01
1.479197284E+01  -1.805118173E-01
1.481097610E+01  -7.576912642E-02
1.482997937E+01  -1.193330362E-01
1.484898264E+01  5.269312114E-02
1.486798590E+01  8.911343664E-02
1.488698917E+01  1.127578914E-01
1.490599243E+01  2.104737908E-01
1.492499570E+01  3.257358074E-01
1.494399897E+01  1.770588756E-01
1.496300223E+01  -2.341418564E-01
1.498200550E+01  -4.416490495E-01
1.500100877E+01  -4.525819719E-01
1.502001203E+01  -4.489783049E-01
1.503901530E+01  -1.594501436E-01
1.505801856E+01  8.278908581E-02
1.507702183E+01  -3.086154535E-02
1.509602510E+01  7.329317182E-02
1.511502836E+01  -2.373150736E-01
1.513403163E+01  2.744589699E-03
1.515303490E+01  -5.169542506E-02
1.517203816E+01  3.541330621E-02
1.519104143E+01  -2.730266750E-01
1.521004469E+01  -1.996894777E-01
1.522904796E+01  5.229988694E-02
1.524805123E+01  2.795919478E-01
1.526705449E+01  4.064676762E-01
1.528605776E+01  6.083294153E-01
1.530506103E+01  6.615402102E-01
1.532406429E+01  3.959700465E-01
1.534306756E+01  6.405683756E-01
1.536207082E+01  6.322242022E-01
1.538107409E+01  5.691564679E-01
1.540007736E+01  7.386915684E-01
1.541908062E+01  8.671164513E-01
1.543808389E+01  1.138110876E+00
1.545708716E+01  1.400586843E+00
1.547609042E+01  1.315141082E+00
1.549509369E+01  1.380558848E+00
1.551409695E+01  1.295445800E+00
1.553310022E+01  1.558125615E+00
1.555210349E+01  1.341531515E+00
1.557110675E+01  1.197076678E+00
1.559011002E+01  1.046260595E+00
1.560911329E+01  8.346576095E-01
1.562811655E+01  7.767731547E-01
1.564711982E+01  7.810592055E-01
1.566612308E+01  6.971042156E-01
1.568512635E+01  3.679075539E-01
1.570412962E+01  3.904812336E-01
1.572313288E+01  4.754976034E-01
1.574213615E+01  3.431147337E-01
1.576113942E+01  1.088384092E-01
1.578014268E+01  6.335063279E-02
1.579914595E+01  4.039222300E-01
1.581814921E+01  4.946340024E-01
1.583715248E+01  2.906608582E-01
1.585615575E+01  1.470924169E-01
1.587515901E+01  1.558761448E-01
1.589416228E+01  2.389402539E-01
1.591316555E+01  -1.353920400E-01
1.593216881E+01  -3.260363638E-02
1.595117208E+01  4.106974229E-03
1.597017534E+01  1.339095235E-01
1.598917861E+01  4.108039662E-02
1.600818188E+01  3.015797734E-01
1.602718514E+01  8.091841936E-01
1.604618841E+01  1.487736702E+00
1.606519168E+01  1.794489622E+00
1.608419494E+01  1.692684889E+00
1.610319821E+01  1.381094217E+00
1.612220147E+01  1.866056085E+00
1.614120474E+01  2.158987999E+00
1.616020801E+01  2.907537699E+00
1.617921127E+01  3.922881842E+00
1.619821454E+01  5.008541107E+00
1.621721781E+01  5.810769558E+00
1.623622107E+01  6.488416672E+00
1.625522434E+01  7.355418682E+00
1.627422760E+01  8.304823875E+00
1.629323087E+01  9.650869370E+00
1.631223414E+01  1.124911594E+01
1.633123740E+01  1.308564949E+01
1.635024067E+01  1.480415821E+01
1.636924394E+01  1.684623337E+01
1.638824720E+01  1.898845100E+01
1.640725047E+01  2.104421043E+01
1.642625373E+01  2.325033379E+01
1.644525700E+01  2.517727852E+01
1.646426027E+01  2.673997307E+01
1.648326353E+01  2.867057228E+01
1.650226680E+01  3.029480743E+01
1.652127007E+01  3.167595673E+01
1.654027333E+01  3.260140991E+01
1.655927660E+01  3.301844406E+01
1.657827986E+01  3.326935577E+01
1.659728313E+01  3.266397476E+01
1.661628640E+01  3.267747879E+01
1.663528966E+01  3.246430969E+01
1.665429293E+01  3.217122650E+01
1.667329620E+01  3.152738762E+01
1.669229946E+01  3.070647430E+01
1.671130273E+01  2.990406609E+01
1.673030599E+01  2.827396393E+01
1.674930926E+01  2.680787659E+01
1.676831253E+01  2.590970612E+01
1.678731579E+01  2.506360245E+01
1.680631906E+01  2.381943703E+01
1.682532233E+01  2.312091827E+01
1.684432559E+01  2.224594116E+01
1.686332886E+01  2.131468773E+01
1.688233212E+01  2.044245338E+01
1.690133539E+01  2.000968742E+01
1.692033866E+01  1.974066925E+01
1.693934192E+01  1.937683105E+01
1.695834519E+01  1.901129913E+01
1.697734846E+01  1.829041100E+01
1.699635172E+01  1.772840500E+01
1.701535499E+01  1.687471390E+01
1.703435825E+01  1.608552742E+01
1.705336152E+01  1.496888256E+01
1.707236479E+01  1.432939816E+01
1.709136805E+01  1.322378063E+01
1.711037132E+01  1.216458607E+01
1.712937459E+01  1.106163025E+01
1.714837785E+01  1.020178413E+01
1.716738112E+01  9.072917938E+00
1.718638438E+01  8.373382568E+00
1.720538765E+01  7.261015892E+00
1.722439092E+01  5.969294548E+00
1.724339418E+01  4.831492424E+00
1.726239745E+01  4.408258915E+00
1.728140072E+01  4.381147861E+00
1.730040398E+01  3.762869120E+00
1.731940725E+01  3.126248837E+00
1.733841051E+01  2.550369740E+00
1.735741378E+01  2.379406929E+00
1.737641705E+01  2.308736086E+00
1.739542031E+01  2.209155321E+00
1.741442358E+01  1.915581822E+00
1.743342685E+01  1.819219232E+00
1.745243011E+01  1.882664084E+00
1.747143338E+01  2.321457148E+00
1.749043664E+01  2.668324947E+00
1.750943991E+01  2.339952707E+00
1.752844318E+01  2.079384089E+00
1.754744644E+01  1.863751650E+00
1.756644971E+01  1.912517667E+00
1.758545298E+01  1.921802878E+00
1.760445624E+01  2.094034672E+00
1.762345951E+01  2.361320257E+00
1.764246277E+01  2.447853804E+00
1.766146604E+01  2.535199642E+00
1.768046931E+01  2.477255821E+00
1.769947257E+01  2.328360319E+00
1.771847584E+01  2.196423292E+00
1.773747911E+01  2.211277962E+00
1.775648237E+01  2.336736202E+00
1.777548564E+01  2.698620558E+00
1.779448890E+01  2.609662771E+00
1.781349217E+01  2.634612560E+00
1.783249544E+01  2.911995411E+00
1.785149870E+01  2.924100399E+00
1.787050197E+01  3.288129807E+00
1.788950524E+01  3.522448540E+00
1.790850850E+01  4.121851921E+00
1.792751177E+01  4.510889053E+00
1.794651503E+01  4.773702145E+00
1.796551830E+01  5.225680351E+00
1.798452157E+01  5.935249805E+00
1.800352483E+01  6.576057911E+00
1.802252810E+01  7.219744205E+00
1.804153137E+01  7.692614555E+00
1.806053463E+01  8.333985329E+00
1.807953790E+01  9.062119484E+00
1.809854116E+01  9.957385063E+00
1.811754443E+01  1.145875931E+01
1.813654770E+01  1.324942017E+01
1.815555096E+01  1.513705540E+01
1.817455423E+01  1.651526260E+01
1.819355750E+01  1.832121849E+01
1.821256076E+01  2.043297768E+01
1.823156403E+01  2.282717514E+01
1.825056729E+01  2.544099617E+01
1.826957056E+01  2.837172699E+01
1.828857383E+01  3.120011902E+01
1.830757709E+01  3.408553314E+01
1.832658036E+01  3.735261917E+01
1.834558363E+01  4.036338043E+01
1.836458689E+01  4.295798492E+01
1.838359016E+01  4.537693024E+01
1.840259342E+01  4.775105286E+01
1.842159669E+01  4.993908691E+01
1.844059996E+01  5.176365280E+01
1.845960322E+01  5.270489883E+01
1.847860649E+01  5.308884811E+01
1.849760976E+01  5.258222198E+01
1.851661302E+01  5.165946960E+01
1.853561629E+01  5.043788528E+01
1.855461955E+01  4.866338730E+01
1.857362282E+01  4.595610428E+01
1.859262609E+01  4.266276550E+01
1.861162935E+01  3.896382904E+01
1.863063262E+01  3.554292297E+01
1.864963589E+01  3.173474693E+01
1.866863915E+01  2.816049385E+01
1.868764242E+01  2.426926422E+01
1.870664568E+01  2.101756287E+01
1.872564895E+01  1.771784401E+01
1.874465222E+01  1.477350521E+01
1.876365548E+01  1.259049225E+01
1.878265875E+01  1.037549591E+01
1.880166202E+01  8.410071373E+00
1.882066528E+01  6.834222794E+00
1.883966855E+01  5.953925610E+00
1.885867181E+01  5.012516499E+00
1.887767508E+01  4.274303913E+00
1.889667835E+01  3.924989223E+00
1.891568161E+01  3.599856615E+00
1.893468488E+01  3.207849503E+00
1.895368815E+01  2.763741493E+00
1.897269141E+01  2.464027882E+00
1.899169468E+01  2.209415197E+00
1.901069794E+01  1.897954702E+00
1.902970121E+01  1.518721700E+00
1.904870448E+01  1.260877490E+00
1.906770774E+01  8.161513805E-01
1.908671101E+01  5.260053277E-01
1.910571428E+01  1.854217350E-01
1.912471754E+01  -8.046180755E-02
1.914372081E+01  -1.973703653E-01
1.916272407E+01  -2.976894081E-01
1.918172734E+01  -2.945746779E-01
1.920073061E+01  -4.376142621E-01
1.921973387E+01  -2.638083100E-01
1.923873714E+01  6.140576676E-02
1.925774041E+01  6.881472468E-02
1.927674367E+01  -1.524495035E-01
1.929574694E+01  -1.664365083E-01
1.931475020E+01  -7.633557543E-03
1.933375347E+01  2.131588198E-02
1.935275674E+01  -5.230271444E-02
1.937176000E+01  -3.642834350E-02
1.939076327E+01  8.662438393E-02
1.940976654E+01  1.661584824E-01
1.942876980E+01  2.810385227E-01
1.944777307E+01  3.254455626E-01
1.946677633E+01  5.381117463E-01
1.948577960E+01  5.720653534E-01
1.950478287E+01  5.542879701E-01
1.952378613E+01  4.130021930E-01
1.954278940E+01  5.412232280E-01
1.956179267E+01  4.688012004E-01
1.958079593E+01  4.585731030E-01
1.959979920E+01  5.872097611E-01
1.961880246E+01  9.711812139E-01
1.963780573E+01  9.737633467E-01
1.965680900E+01  9.961514473E-01
1.967581226E+01  1.111088634E+00
1.969481553E+01  1.412361741E+00
1.971381880E+01  1.403346062E+00
1.973282206E+01  1.167991877E+00
1.975182533E+01  8.479964733E-01
1.977082860E+01  7.573611736E-01
1.978983186E+01  5.013987422E-01
1.980883513E+01  1.598161608E-01
1.982783839E+01  1.142469123E-01
1.984684166E+01  2.446304411E-01
1.986584493E+01  3.338159025E-01
1.988484819E+01  4.834870994E-02
1.990385146E+01  -1.406839341E-01
1.992285473E+01  -3.108218908E-01
1.994185799E+01  -3.192822933E-01
1.996086126E+01  -2.952302694E-01
1.997986452E+01  -2.437115163E-01
1.999886779E+01  -3.592545986E-01
2.001787106E+01  -2.759958804E-01
2.003687432E+01  -2.035463005E-01
2.005587759E+01  2.086410075E-01
2.007488086E+01  2.999318540E-01
2.009388412E+01  2.585667670E-01
2.011288739E+01  1.991827041E-01
2.013189065E+01  2.390346229E-01
2.015089392E+01  2.578527331E-01
2.016989719E+01  2.986791730E-01
2.018890045E+01  5.172532797E-01
2.020790372E+01  5.622692704E-01
2.022690699E+01  5.161907077E-01
2.024591025E+01  3.789974153E-01
2.026491352E+01  3.085412085E-01
2.028391678E+01  2.735855579E-01
2.030292005E+01  2.609778047E-01
2.032192332E+01  9.361065179E-02
2.034092658E+01  1.762841269E-02
2.035992985E+01  4.244256616E-01
2.037893312E+01  8.332405686E-01
2.039793638E+01  9.883705378E-01
2.041693965E+01  8.777133226E-01
2.043594291E+01  8.003808856E-01
2.045494618E+01  8.937192559E-01
2.047394945E+01  1.072029710E+00
2.049295271E+01  1.289672852E+00
2.051195598E+01  1.424510241E+00
2.053095925E+01  1.367575407E+00
2.054996251E+01  1.660901785E+00
2.056896578E+01  1.718474746E+00
2.058796904E+01  1.804120898E+00
2.060697231E+01  2.164573193E+00
2.062597558E+01  2.573313951E+00
2.064497884E+01  2.459012985E+00
2.066398211E+01  2.061801195E+00
2.068298538E+01  1.677188754E+00
2.070198864E+01  1.685087919E+00
2.072099191E+01  1.750110626E+00
2.073999517E+01  1.767727375E+00
2.075899844E+01  1.710108042E+00
2.077800171E+01  1.741033554E+00
2.079700497E+01  1.862724781E+00
2.081600824E+01  1.853046060E+00
2.083501151E+01  1.597611547E+00
2.085401477E+01  1.368977189E+00
2.087301804E+01  1.210415483E+00
2.089202130E+01  9.056429267E-01
2.091102457E+01  9.148066044E-01
2.093002784E+01  9.474303722E-01
2.094903110E+01  1.092722535E+00
2.096803437E+01  9.931094646E-01
2.098703764E+01  9.306785464E-01
2.100604090E+01  7.544280291E-01
2.102504417E+01  6.577267051E-01
2.104404743E+01  5.334199667E-01
2.106305070E+01  4.186580777E-01
2.108205397E+01  1.935214698E-01
2.110105723E+01  5.365283042E-02
2.112006050E+01  1.680349708E-01
2.113906377E+01  3.393723369E-01
2.115806703E+01  3.939952850E-01
2.117707030E+01  2.595514953E-01
2.119607356E+01  4.248548150E-01
2.121507683E+01  5.064412355E-01
2.123408010E+01  7.524592876E-01
2.125308336E+01  9.002281427E-01
2.127208663E+01  8.199756742E-01
2.129108990E+01  7.967149615E-01
2.131009316E+01  4.563055038E-01
2.132909643E+01  3.192903399E-01
2.134809969E+01  1.413812637E-01
2.136710296E+01  6.740099937E-02
2.138610623E+01  1.321862489E-01
2.140510949E+01  1.682111062E-02
2.142411276E+01  6.229818240E-02
2.144311603E+01  1.016692147E-01
2.146211929E+01  1.843182594E-01
2.148112256E+01  -8.039949834E-02
2.150012582E+01  -2.071910203E-01
2.151912909E+01  -2.053063735E-02
2.153813236E+01  1.761164814E-01
2.155713562E+01  2.155356556E-01
2.157613889E+01  1.624636501E-01
2.159514216E+01  1.307745725E-01
2.161414542E+01  1.078644693E-01
2.163314869E+01  4.160506278E-02
2.165215195E+01  -4.646717757E-02
2.167115522E+01  1.158130020E-01
2.169015849E+01  3.091410398E-01
2.170916175E+01  4.129299521E-01
2.172816502E+01  2.911084294E-01
2.174716829E+01  1.726596206E-01
2.176617155E+01  1.046028435E-01
2.178517482E+01  7.303271443E-02
2.180417808E+01  1.048653349E-01
2.182318135E+01  1.235889550E-02
2.184218462E+01  -1.472701132E-01
2.186118788E+01  -2.587504983E-01
2.188019115E+01  -2.408993691E-01
2.189919442E+01  -8.655627072E-02
2.191819768E+01  1.398773044E-01
2.193720095E+01  2.884670794E-01
2.195620421E+01  3.123383522E-01
2.197520748E+01  1.361147314E-01
2.199421075E+01  -2.031822503E-01
2.201321401E+01  -4.720636606E-01
2.203221728E+01  2.810871899E-01
