2.933934695E+00  5.122810602E-01
2.952937961E+00  -2.454539994E-03
2.971941227E+00  -1.282517612E-01
2.990944494E+00  8.152425289E-02
3.009947760E+00  3.745799959E-01
3.028951026E+00  9.710358381E-01
3.047954292E+00  1.328619480E+00
3.066957559E+00  1.012656450E+00
3.085960825E+00  8.009991050E-01
3.104964091E+00  9.227912426E-01
3.123967357E+00  1.495756626E+00
3.142970624E+00  1.413746476E+00
3.161973890E+00  6.283406019E-01
3.180977156E+00  2.571673505E-02
3.199980422E+00  2.640788853E-01
3.218983689E+00  6.738100052E-01
3.237986955E+00  1.003659844E+00
3.256990221E+00  1.421778798E+00
3.275993487E+00  1.642486095E+00
3.294996754E+00  1.410369635E+00
3.314000020E+00  1.138793230E+00
3.333003286E+00  1.350677133E+00
3.352006552E+00  1.728293061E+00
3.371009819E+00  2.160104036E+00
3.390013085E+00  1.925756812E+00
3.409016351E+00  2.141712666E+00
3.428019618E+00  1.793835163E+00
3.447022884E+00  1.784204483E+00
3.466026150E+00  2.160748959E+00
3.485029416E+00  2.589597940E+00
3.504032683E+00  2.902083158E+00
3.523035949E+00  3.557498932E+00
3.542039215E+00  4.981512070E+00
3.561042481E+00  6.770941257E+00
3.580045748E+00  8.887177467E+00
3.599049014E+00  1.180699730E+01
3.618052280E+00  1.428321075E+01
3.637055546E+00  1.522102642E+01
3.656058813E+00  1.371094894E+01
3.675062079E+00  1.128993893E+01
3.694065345E+00  8.308344841E+00
3.713068611E+00  5.396472931E+00
3.732071878E+00  3.830364466E+00
3.751075144E+00  2.900100231E+00
3.770078410E+00  2.259623766E+00
3.789081676E+00  1.914088488E+00
3.808084943E+00  1.205859184E+00
3.827088209E+00  9.527463317E-01
3.846091475E+00  8.744158745E-01
3.865094741E+00  1.294595838E+00
3.884098008E+00  9.233666062E-01
3.903101274E+00  9.528546333E-01
3.922104540E+00  9.161375165E-01
3.941107806E+00  7.857058048E-01
3.960111073E+00  5.867596269E-01
3.979114339E+00  3.181232810E-01
3.998117605E+00  1.750502586E-01
4.017120871E+00  2.487827986E-01
4.036124138E+00  6.852409244E-02
4.055127404E+00  4.735538065E-01
4.074130670E+00  6.682689190E-01
4.093133936E+00  1.109868765E+00
4.112137203E+00  1.153504133E+00
4.131140469E+00  8.676111102E-01
4.150143735E+00  6.838896275E-01
4.169147001E+00  6.644454598E-01
4.188150268E+00  5.652499199E-01
4.207153534E+00  7.215386629E-01
4.226156800E+00  6.121320724E-01
4.245160066E+00  1.036332250E+00
4.264163333E+00  6.810638309E-01
4.283166599E+00  7.947973013E-01
4.302169865E+00  -1.108341012E-02
4.321173131E+00  -1.545122713E-01
4.340176398E+00  -7.588917017E-02
4.359179664E+00  6.105446219E-01
4.378182930E+00  7.934622765E-01
4.397186196E+00  8.257292509E-01
4.416189463E+00  1.083557844E+00
4.435192729E+00  1.180269480E+00
4.454195995E+00  7.538248897E-01
4.473199261E+00  3.248384595E-01
4.492202528E+00  6.002924442E-01
4.511205794E+00  8.421038389E-01
4.530209060E+00  9.793615937E-01
4.549212326E+00  1.416443229E+00
4.568215593E+00  1.791464925E+00
4.587218859E+00  1.763630867E+00
4.606222125E+00  8.104254603E-01
4.625225391E+00  7.393578440E-02
4.644228658E+00  3.748056591E-01
4.663231924E+00  9.054625630E-01
4.682235190E+00  1.984132051E+00
4.701238456E+00  2.405071259E+00
4.720241723E+00  2.254389524E+00
4.739244989E+00  2.033636093E+00
4.758248255E+00  9.589349627E-01
4.777251521E+00  4.056870341E-01
4.796254788E+00  -2.711222172E-01
4.815258054E+00  2.469111085E-01
4.834261320E+00  7.951730490E-01
4.853264586E+00  1.265814543E+00
4.872267853E+00  1.577189803E+00
4.891271119E+00  1.598721623E+00
4.910274385E+00  1.678000569E+00
4.929277651E+00  1.793433070E+00
4.948280918E+00  1.770563722E+00
4.967284184E+00  1.772675872E+00
4.986287450E+00  1.791773558E+00
5.005290716E+00  1.829018593E+00
5.024293983E+00  1.597080350E+00
5.043297249E+00  9.873490930E-01
5.062300515E+00  3.751809523E-02
5.081303782E+00  -3.059872985E-01
5.100307048E+00  1.545149982E-01
5.119310314E+00  6.488604546E-01
5.138313580E+00  1.353939176E+00
5.157316847E+00  1.366917849E+00
5.176320113E+00  1.288098335E+00
5.195323379E+00  4.662688076E-01
5.214326645E+00  6.621002555E-01
5.233329912E+00  6.708199382E-01
5.252333178E+00  8.500512242E-01
5.271336444E+00  1.056300521E+00
5.290339710E+00  1.079994440E+00
5.309342977E+00  9.696470499E-01
5.328346243E+00  7.919555306E-01
5.347349509E+00  8.409006000E-01
5.366352775E+00  1.516981363E+00
5.385356042E+00  1.954329491E+00
5.404359308E+00  1.718225837E+00
5.423362574E+00  1.273047447E+00
5.442365840E+00  1.238086700E+00
5.461369107E+00  1.199261427E+00
5.480372373E+00  9.976913333E-01
5.499375639E+00  6.621643305E-01
5.518378905E+00  4.681878388E-01
5.537382172E+00  5.819850564E-01
5.556385438E+00  5.495213866E-01
5.575388704E+00  8.351213932E-01
5.594391970E+00  1.352195740E+00
5.613395237E+00  1.346643686E+00
5.632398503E+00  1.093838334E+00
5.651401769E+00  6.501920223E-01
5.670405035E+00  9.639595151E-01
5.689408302E+00  7.654742002E-01
5.708411568E+00  4.566830695E-01
5.727414834E+00  1.227672473E-01
5.746418100E+00  3.585819304E-01
5.765421367E+00  1.808663905E-01
5.784424633E+00  -1.868239976E-02
5.803427899E+00  1.952252835E-01
5.822431165E+00  3.026424944E-01
5.841434432E+00  1.477027088E-01
5.860437698E+00  -3.448454440E-01
5.879440964E+00  -1.746297479E-01
5.898444230E+00  5.890810490E-01
5.917447497E+00  1.203342557E+00
5.936450763E+00  1.586435795E+00
5.955454029E+00  2.090786934E+00
5.974457295E+00  2.685664177E+00
5.993460562E+00  2.759593487E+00
6.012463828E+00  2.336154222E+00
6.031467094E+00  1.633719802E+00
6.050470360E+00  1.105106711E+00
6.069473627E+00  9.821346402E-01
6.088476893E+00  8.647284508E-01
6.107480159E+00  1.125556946E+00
6.126483425E+00  8.685500026E-01
6.145486692E+00  8.018141985E-01
6.164489958E+00  5.899033546E-01
6.183493224E+00  4.554625154E-01
6.202496490E+00  4.639629722E-01
6.221499757E+00  7.307075262E-01
6.240503023E+00  8.989540339E-01
6.259506289E+00  9.241297841E-01
6.278509555E+00  8.715642691E-01
6.297512822E+00  8.356202245E-01
6.316516088E+00  4.083392322E-01
6.335519354E+00  2.137295157E-01
6.354522620E+00  2.088000253E-02
6.373525887E+00  -9.228223562E-02
6.392529153E+00  8.965115994E-02
6.411532419E+00  2.912726402E-01
6.430535685E+00  2.598303258E-01
6.449538952E+00  3.524752855E-01
6.468542218E+00  1.988866925E-01
6.487545484E+00  -9.646116197E-02
6.506548750E+00  -6.096170098E-02
6.525552017E+00  -2.557509840E-01
6.544555283E+00  3.309925497E-01
6.563558549E+00  8.111124039E-01
6.582561815E+00  1.982300162E+00
6.601565082E+00  3.058864355E+00
6.620568348E+00  4.448138714E+00
6.639571614E+00  5.630131721E+00
6.658574880E+00  5.563359737E+00
6.677578147E+00  4.497679234E+00
6.696581413E+00  3.351142883E+00
6.715584679E+00  2.497229576E+00
6.734587946E+00  1.976112723E+00
6.753591212E+00  1.177366734E+00
6.772594478E+00  6.342005730E-01
6.791597744E+00  5.030083656E-01
6.810601011E+00  4.592883289E-01
6.829604277E+00  5.540720820E-01
6.848607543E+00  2.900960147E-01
6.867610809E+00  5.381987691E-01
6.886614076E+00  8.463581800E-01
6.905617342E+00  1.329706907E+00
6.924620608E+00  2.108003616E+00
6.943623874E+00  2.937165499E+00
6.962627141E+00  3.893948078E+00
6.981630407E+00  5.523835659E+00
7.000633673E+00  7.391306877E+00
7.019636939E+00  9.383669853E+00
7.038640206E+00  1.112172604E+01
7.057643472E+00  1.242489338E+01
7.076646738E+00  1.339418221E+01
7.095650004E+00  1.488267803E+01
7.114653271E+00  1.617945671E+01
7.133656537E+00  1.857684898E+01
7.152659803E+00  2.168365669E+01
7.171663069E+00  2.811878204E+01
7.190666336E+00  3.579330826E+01
7.209669602E+00  4.506293869E+01
7.228672868E+00  5.371644592E+01
7.247676134E+00  6.105921936E+01
7.266679401E+00  6.506813812E+01
7.285682667E+00  6.472123718E+01
7.304685933E+00  5.978104401E+01
7.323689199E+00  5.297082138E+01
7.342692466E+00  4.557282639E+01
7.361695732E+00  3.878903198E+01
7.380698998E+00  3.295552826E+01
7.399702264E+00  2.720968628E+01
7.418705531E+00  2.275699043E+01
7.437708797E+00  1.948025703E+01
7.456712063E+00  1.637103844E+01
7.475715329E+00  1.427050114E+01
7.494718596E+00  1.262182522E+01
7.513721862E+00  1.131610107E+01
7.532725128E+00  9.833116531E+00
7.551728394E+00  8.540706635E+00
7.570731661E+00  7.707318306E+00
7.589734927E+00  7.124768257E+00
7.608738193E+00  6.432714462E+00
7.627741459E+00  5.921880722E+00
7.646744726E+00  5.810065269E+00
7.665747992E+00  5.449050426E+00
7.684751258E+00  5.055312157E+00
7.703754524E+00  4.471157551E+00
7.722757791E+00  4.345736504E+00
7.741761057E+00  4.620773792E+00
7.760764323E+00  4.627156734E+00
7.779767589E+00  4.437517166E+00
7.798770856E+00  3.985250711E+00
7.817774122E+00  3.410662174E+00
7.836777388E+00  2.680531502E+00
7.855780654E+00  2.742580414E+00
7.874783921E+00  2.733083248E+00
7.893787187E+00  2.346939087E+00
7.912790453E+00  1.917034507E+00
7.931793719E+00  1.617125273E+00
7.950796986E+00  1.451461673E+00
7.969800252E+00  1.117004514E+00
7.988803518E+00  1.289497733E+00
8.007806784E+00  1.185605645E+00
8.026810051E+00  1.250383854E+00
8.045813317E+00  7.759802938E-01
8.064816583E+00  4.883537889E-01
8.083819849E+00  7.936904430E-01
8.102823116E+00  1.027674198E+00
8.121826382E+00  1.001403332E+00
8.140829648E+00  6.726879478E-01
8.159832914E+00  4.755361676E-01
8.178836181E+00  4.210626483E-01
8.197839447E+00  2.302579880E-01
8.216842713E+00  8.252625912E-02
8.235845979E+00  -7.954913378E-02
8.254849246E+00  -1.953143626E-01
8.273852512E+00  1.491708457E-01
8.292855778E+00  1.872452199E-01
8.311859045E+00  2.859631479E-01
8.330862311E+00  5.748649836E-01
8.349865577E+00  5.755099654E-01
8.368868843E+00  2.781982124E-01
8.387872110E+00  1.985970140E-01
8.406875376E+00  4.334814847E-01
8.425878642E+00  8.818042874E-01
8.444881908E+00  9.836027622E-01
8.463885175E+00  8.499730229E-01
8.482888441E+00  4.803399146E-01
8.501891707E+00  2.481744736E-01
8.520894973E+00  4.463120699E-01
8.539898240E+00  7.608594298E-01
8.558901506E+00  9.232478142E-01
8.577904772E+00  4.529846609E-01
8.596908038E+00  -1.789956167E-02
8.615911305E+00  -3.904666007E-01
8.634914571E+00  -2.782381475E-01
8.653917837E+00  -4.104861915E-01
8.672921103E+00  -4.347544909E-01
8.691924370E+00  -2.951090336E-01
8.710927636E+00  -2.635716498E-01
8.729930902E+00  -1.675374508E-01
8.748934168E+00  -1.384626478E-01
8.767937435E+00  2.552768588E-01
8.786940701E+00  1.891420595E-02
8.805943967E+00  2.726618946E-02
8.824947233E+00  -1.444253027E-01
8.843950500E+00  -1.364018023E-01
8.862953766E+00  -6.668645889E-02
8.881957032E+00  1.412799060E-01
8.900960298E+00  -5.180069804E-02
8.919963565E+00  -3.445051610E-02
8.938966831E+00  -1.524780244E-01
8.957970097E+00  -1.400988251E-01
8.976973363E+00  -4.782568812E-01
8.995976630E+00  -4.213264585E-01
9.014979896E+00  -9.835317731E-02
9.033983162E+00  1.098717153E-01
9.052986428E+00  2.910575569E-01
9.071989695E+00  3.305472732E-01
9.090992961E+00  6.452199817E-01
9.109996227E+00  5.523881912E-01
9.128999493E+00  7.207719088E-01
9.148002760E+00  9.231384397E-01
9.167006026E+00  1.399797797E+00
9.186009292E+00  1.718099236E+00
9.205012558E+00  2.205613613E+00
9.224015825E+00  2.279934883E+00
9.243019091E+00  3.093548059E+00
9.262022357E+00  3.933774948E+00
9.281025623E+00  5.374903202E+00
9.300028890E+00  6.438052177E+00
9.319032156E+00  8.218380928E+00
9.338035422E+00  1.055998707E+01
9.357038688E+00  1.325171280E+01
9.376041955E+00  1.592580223E+01
9.395045221E+00  1.934556580E+01
9.414048487E+00  2.442069626E+01
9.433051753E+00  3.047096062E+01
9.452055020E+00  3.852460098E+01
9.471058286E+00  4.963082504E+01
9.490061552E+00  6.399596405E+01
9.509064818E+00  8.443104553E+01
9.528068085E+00  1.089972916E+02
9.547071351E+00  1.415694427E+02
9.566074617E+00  1.758967285E+02
9.585077883E+00  2.100550995E+02
9.604081150E+00  2.380877228E+02
9.623084416E+00  2.542823181E+02
9.642087682E+00  2.634772034E+02
9.661090948E+00  2.630028381E+02
9.680094215E+00  2.569762573E+02
9.699097481E+00  2.464959259E+02
9.718100747E+00  2.352562714E+02
9.737104013E+00  2.223457031E+02
9.756107280E+00  2.111219940E+02
9.775110546E+00  1.978249664E+02
9.794113812E+00  1.873715210E+02
9.813117078E+00  1.761358948E+02
9.832120345E+00  1.672872162E+02
9.851123611E+00  1.597621002E+02
9.870126877E+00  1.545381775E+02
9.889130143E+00  1.513587952E+02
9.908133410E+00  1.489622650E+02
9.927136676E+00  1.489321594E+02
9.946139942E+00  1.511229706E+02
9.965143209E+00  1.541747131E+02
9.984146475E+00  1.560289917E+02
1.000314974E+01  1.567020111E+02
1.002215301E+01  1.542108307E+02
1.004115627E+01  1.510307922E+02
1.006015954E+01  1.442781525E+02
1.007916281E+01  1.367049561E+02
1.009816607E+01  1.264889450E+02
1.011716934E+01  1.152338257E+02
1.013617260E+01  1.038435974E+02
1.015517587E+01  9.251032257E+01
1.017417914E+01  8.139612579E+01
1.019318240E+01  7.108448029E+01
1.021218567E+01  6.148639679E+01
1.023118894E+01  5.255302048E+01
1.025019220E+01  4.393681717E+01
1.026919547E+01  3.675208664E+01
1.028819873E+01  3.035337257E+01
1.030720200E+01  2.512219620E+01
1.032620527E+01  2.038592720E+01
1.034520853E+01  1.596082783E+01
1.036421180E+01  1.284224224E+01
1.038321507E+01  1.033652306E+01
1.040221833E+01  8.237424850E+00
1.042122160E+01  6.406568527E+00
1.044022486E+01  4.423960686E+00
1.045922813E+01  2.942185402E+00
1.047823140E+01  1.694953203E+00
1.049723466E+01  9.995770454E-01
1.051623793E+01  3.768028915E-01
1.053524120E+01  -2.612755895E-01
1.055424446E+01  -5.401085615E-01
1.057324773E+01  -7.601243258E-01
1.059225099E+01  -9.520109296E-01
1.061125426E+01  -9.282596707E-01
1.063025753E+01  -1.013435841E+00
1.064926079E+01  -8.845416307E-01
1.066826406E+01  -9.239842296E-01
1.068726733E+01  -8.424103856E-01
1.070627059E+01  -3.680556715E-01
1.072527386E+01  -1.672489792E-01
1.074427712E+01  2.535302043E-01
1.076328039E+01  5.715733767E-01
1.078228366E+01  8.925675750E-01
1.080128692E+01  1.354502678E+00
1.082029019E+01  1.864604831E+00
1.083929346E+01  2.267894268E+00
1.085829672E+01  2.645107746E+00
1.087729999E+01  3.400567055E+00
1.089630325E+01  3.628322840E+00
1.091530652E+01  3.618190527E+00
1.093430979E+01  3.614807606E+00
1.095331305E+01  3.648253918E+00
1.097231632E+01  3.893312454E+00
1.099131959E+01  3.432831287E+00
1.101032285E+01  3.320977688E+00
1.102932612E+01  2.783260822E+00
1.104832938E+01  2.042085648E+00
1.106733265E+01  1.915518284E+00
1.108633592E+01  1.799411178E+00
1.110533918E+01  1.921976089E+00
1.112434245E+01  2.005368948E+00
1.114334572E+01  2.578170538E+00
1.116234898E+01  2.756418228E+00
1.118135225E+01  2.695796728E+00
1.120035551E+01  2.298940182E+00
1.121935878E+01  2.093482256E+00
1.123836205E+01  2.260891914E+00
1.125736531E+01  2.719220877E+00
1.127636858E+01  3.111871719E+00
1.129537185E+01  3.102152586E+00
1.131437511E+01  3.216952324E+00
1.133337838E+01  3.546842575E+00
1.135238164E+01  4.256655693E+00
1.137138491E+01  4.408786774E+00
1.139038818E+01  4.554858208E+00
1.140939144E+01  5.004611015E+00
1.142839471E+01  5.632747173E+00
1.144739798E+01  6.282008171E+00
1.146640124E+01  6.455534935E+00
1.148540451E+01  6.942050457E+00
1.150440777E+01  6.861598492E+00
1.152341104E+01  7.005192757E+00
1.154241431E+01  6.654538631E+00
1.156141757E+01  6.402414322E+00
1.158042084E+01  6.140374660E+00
1.159942411E+01  5.816634178E+00
1.161842737E+01  5.476581573E+00
1.163743064E+01  5.223160267E+00
1.165643391E+01  5.026398659E+00
1.167543717E+01  4.728633881E+00
1.169444044E+01  4.054710388E+00
1.171344370E+01  3.390656710E+00
1.173244697E+01  2.416320086E+00
1.175145024E+01  2.035288572E+00
1.177045350E+01  1.495942712E+00
1.178945677E+01  7.281311750E-01
1.180846004E+01  2.525824904E-01
1.182746330E+01  1.368877441E-01
1.184646657E+01  -1.563820243E-01
1.186546983E+01  -7.725949585E-02
1.188447310E+01  -2.746792138E-01
1.190347637E+01  -7.077951729E-02
1.192247963E+01  -2.875763774E-01
1.194148290E+01  -5.195907950E-01
1.196048617E+01  -7.732984424E-01
1.197948943E+01  -9.324608445E-01
1.199849270E+01  -8.006981611E-01
1.201749596E+01  -7.401919365E-01
1.203649923E+01  -5.402772427E-01
1.205550250E+01  -3.740182817E-01
1.207450576E+01  2.084584534E-01
1.209350903E+01  8.512809873E-01
1.211251230E+01  1.568824172E+00
1.213151556E+01  2.146890879E+00
1.215051883E+01  2.875847340E+00
1.216952209E+01  3.966666460E+00
1.218852536E+01  5.422245026E+00
1.220752863E+01  7.040468693E+00
1.222653189E+01  8.714132309E+00
1.224553516E+01  1.048171902E+01
1.226453843E+01  1.260609722E+01
1.228354169E+01  1.530965805E+01
1.230254496E+01  1.929182434E+01
1.232154822E+01  2.424746513E+01
1.234055149E+01  3.017426491E+01
1.235955476E+01  3.758589554E+01
1.237855802E+01  4.775535965E+01
1.239756129E+01  6.083372879E+01
1.241656456E+01  7.886912537E+01
1.243556782E+01  9.944872284E+01
1.245457109E+01  1.267123489E+02
1.247357435E+01  1.598356781E+02
1.249257762E+01  1.971291351E+02
1.251158089E+01  2.415498352E+02
1.253058415E+01  2.858833313E+02
1.254958742E+01  3.320760193E+02
1.256859069E+01  3.732496338E+02
1.258759395E+01  4.043301086E+02
1.260659722E+01  4.234659729E+02
1.262560048E+01  4.282706299E+02
1.264460375E+01  4.213164062E+02
1.266360702E+01  4.025593262E+02
1.268261028E+01  3.769678345E+02
1.270161355E+01  3.457114868E+02
1.272061682E+01  3.103420410E+02
1.273962008E+01  2.733498230E+02
1.275862335E+01  2.361444550E+02
1.277762661E+01  2.009646149E+02
1.279662988E+01  1.693371582E+02
1.281563315E+01  1.410312958E+02
1.283463641E+01  1.168217087E+02
1.285363968E+01  9.698129272E+01
1.287264295E+01  8.064920044E+01
1.289164621E+01  6.826470184E+01
1.291064948E+01  5.723184586E+01
1.292965274E+01  4.935860062E+01
1.294865601E+01  4.316444778E+01
1.296765928E+01  3.808894730E+01
1.298666254E+01  3.437176132E+01
1.300566581E+01  3.083744621E+01
1.302466908E+01  2.854867554E+01
1.304367234E+01  2.629646111E+01
1.306267561E+01  2.451336670E+01
1.308167887E+01  2.289491463E+01
1.310068214E+01  2.159844971E+01
1.311968541E+01  2.003015327E+01
1.313868867E+01  1.888787270E+01
1.315769194E+01  1.772791862E+01
1.317669521E+01  1.686421776E+01
1.319569847E+01  1.566107941E+01
1.321470174E+01  1.413548088E+01
1.323370500E+01  1.264683819E+01
1.325270827E+01  1.150476646E+01
1.327171154E+01  1.107172298E+01
1.329071480E+01  1.047382450E+01
1.330971807E+01  1.009622288E+01
1.332872134E+01  9.339040756E+00
1.334772460E+01  8.699017525E+00
1.336672787E+01  7.804258347E+00
1.338573113E+01  7.416194916E+00
1.340473440E+01  6.960763931E+00
1.342373767E+01  6.831823826E+00
1.344274093E+01  6.676204205E+00
1.346174420E+01  6.497875214E+00
1.348074747E+01  6.689532757E+00
1.349975073E+01  6.399450302E+00
1.351875400E+01  6.624827862E+00
1.353775726E+01  6.565767288E+00
1.355676053E+01  6.552393436E+00
1.357576380E+01  6.518791676E+00
1.359476706E+01  6.714707375E+00
1.361377033E+01  6.817286015E+00
1.363277360E+01  6.933726311E+00
1.365177686E+01  6.531684875E+00
1.367078013E+01  6.333288670E+00
1.368978339E+01  6.371959209E+00
1.370878666E+01  6.533578873E+00
1.372778993E+01  6.551565647E+00
1.374679319E+01  6.140872955E+00
1.376579646E+01  5.893866539E+00
1.378479973E+01  5.608862877E+00
1.380380299E+01  4.739697933E+00
1.382280626E+01  4.359673500E+00
1.384180952E+01  4.259945869E+00
1.386081279E+01  4.162375927E+00
1.387981606E+01  3.782682180E+00
1.389881932E+01  3.333940983E+00
1.391782259E+01  2.775198460E+00
1.393682586E+01  2.407496929E+00
1.395582912E+01  1.944006443E+00
1.397483239E+01  1.671907663E+00
1.399383565E+01  1.168200016E+00
1.401283892E+01  8.967039585E-01
1.403184219E+01  6.798810959E-01
1.405084545E+01  4.386739731E-01
1.406984872E+01  1.526377648E-01
1.408885199E+01  -2.718168199E-01
1.410785525E+01  -3.943044841E-01
1.412685852E+01  -5.711818933E-01
1.414586178E+01  -7.679844499E-01
1.416486505E+01  -9.621645808E-01
1.418386832E+01  -5.668112636E-01
1.420287158E+01  -2.134547979E-01
1.422187485E+01  -1.099293754E-01
1.424087812E+01  -4.664737880E-01
1.425988138E+01  -5.740689039E-01
1.427888465E+01  -8.489345759E-02
1.429788791E+01  6.180016398E-01
1.431689118E+01  1.127587557E+00
1.433589445E+01  1.862405777E+00
1.435489771E+01  2.385445833E+00
1.437390098E+01  2.966400385E+00
1.439290425E+01  3.511734009E+00
1.441190751E+01  4.287153244E+00
1.443091078E+01  5.160771847E+00
1.444991404E+01  5.799029350E+00
1.446891731E+01  6.823474407E+00
1.448792058E+01  7.796419144E+00
1.450692384E+01  8.650516510E+00
1.452592711E+01  9.398369789E+00
1.454493038E+01  1.035110855E+01
1.456393364E+01  1.159360695E+01
1.458293691E+01  1.229460335E+01
1.460194017E+01  1.267286015E+01
1.462094344E+01  1.249561501E+01
1.463994671E+01  1.194097900E+01
1.465894997E+01  1.072339630E+01
1.467795324E+01  9.364620209E+00
1.469695651E+01  7.422852516E+00
1.471595977E+01  5.998672962E+00
1.473496304E+01  4.888893127E+00
1.475396630E+01  4.291126251E+00
1.477296957E+01  3.501569986E+00
1.479197284E+01  2.621744156E+00
1.481097610E+01  2.221467733E+00
1.482997937E+01  2.197331190E+00
1.484898264E+01  1.917622685E+00
1.486798590E+01  1.803732038E+00
1.488698917E+01  1.494226217E+00
1.490599243E+01  1.421356797E+00
1.492499570E+01  1.060768604E+00
1.494399897E+01  7.810016870E-01
1.496300223E+01  6.302042603E-01
1.498200550E+01  4.664118290E-01
1.500100877E+01  7.771091908E-02
1.502001203E+01  -3.882712126E-01
1.503901530E+01  1.029648911E-02
1.505801856E+01  4.811756313E-01
1.507702183E+01  5.256021619E-01
1.509602510E+01  2.598978281E-01
1.511502836E+01  -1.910035461E-01
1.513403163E+01  -4.573170245E-01
1.515303490E+01  -2.683828473E-01
1.517203816E+01  3.708242252E-02
1.519104143E+01  -6.501512229E-02
1.521004469E+01  -8.452824503E-02
1.522904796E+01  1.465763338E-02
1.524805123E+01  6.675481796E-01
1.526705449E+01  2.440663576E+00
1.528605776E+01  4.072462559E+00
1.530506103E+01  3.504702330E+00
1.532406429E+01  2.870752573E+00
1.534306756E+01  1.668253541E+00
1.536207082E+01  1.505424738E+00
1.538107409E+01  1.027505517E+00
1.540007736E+01  -5.391455814E-02
1.541908062E+01  2.859780788E-01
1.543808389E+01  4.640959799E-01
1.545708716E+01  7.773676515E-01
1.547609042E+01  8.828568459E-01
1.549509369E+01  8.945350647E-01
1.551409695E+01  9.320191741E-01
1.553310022E+01  7.310610414E-01
1.555210349E+01  5.222861171E-01
1.557110675E+01  3.470200002E-01
1.559011002E+01  4.332647026E-01
1.560911329E+01  5.762674212E-01
1.562811655E+01  6.489720345E-01
1.564711982E+01  1.065427184E+00
1.566612308E+01  1.245490909E+00
1.568512635E+01  1.110740304E+00
1.570412962E+01  1.236171365E+00
1.572313288E+01  1.272225142E+00
1.574213615E+01  1.050665259E+00
1.576113942E+01  8.706020713E-01
1.578014268E+01  6.719357967E-01
1.579914595E+01  6.170495152E-01
1.581814921E+01  5.489054322E-01
1.583715248E+01  2.988269031E-01
1.585615575E+01  2.082695812E-01
1.587515901E+01  3.255346715E-01
1.589416228E+01  4.574016333E-01
1.591316555E+01  3.955504596E-01
1.593216881E+01  -1.009231340E-02
1.595117208E+01  6.462904811E-02
1.597017534E+01  1.047575176E-01
1.598917861E+01  1.621048898E-01
1.600818188E+01  1.423437595E-01
1.602718514E+01  1.885811239E-01
1.604618841E+01  1.625122577E-01
1.606519168E+01  -6.624349952E-02
1.608419494E+01  -6.984472275E-03
1.610319821E+01  1.631213911E-02
1.612220147E+01  -1.091033220E-02
1.614120474E+01  6.154335663E-02
1.616020801E+01  3.710236251E-01
1.617921127E+01  4.349809885E-01
1.619821454E+01  5.950587988E-01
1.621721781E+01  7.070207000E-01
1.623622107E+01  9.787494540E-01
1.625522434E+01  9.435763359E-01
1.627422760E+01  9.490070939E-01
1.629323087E+01  9.549571276E-01
1.631223414E+01  1.379609585E+00
1.633123740E+01  1.990485668E+00
1.635024067E+01  2.467710018E+00
1.636924394E+01  2.914863110E+00
1.638824720E+01  3.228596926E+00
1.640725047E+01  3.802770853E+00
1.642625373E+01  4.386333942E+00
1.644525700E+01  4.705825329E+00
1.646426027E+01  5.232039928E+00
1.648326353E+01  5.969946861E+00
1.650226680E+01  6.862823486E+00
1.652127007E+01  7.877949238E+00
1.654027333E+01  8.961670876E+00
1.655927660E+01  9.933355331E+00
1.657827986E+01  1.078729057E+01
1.659728313E+01  1.173056793E+01
1.661628640E+01  1.288239765E+01
1.663528966E+01  1.417752266E+01
1.665429293E+01  1.520599842E+01
1.667329620E+01  1.588979912E+01
1.669229946E+01  1.639619637E+01
1.671130273E+01  1.716616440E+01
1.673030599E+01  1.811363602E+01
1.674930926E+01  1.876373863E+01
1.676831253E+01  1.920396996E+01
1.678731579E+01  1.921345139E+01
1.680631906E+01  1.913961983E+01
1.682532233E+01  1.912866211E+01
1.684432559E+01  1.928904343E+01
1.686332886E+01  1.936812210E+01
1.688233212E+01  1.948600769E+01
1.690133539E+01  1.931298065E+01
1.692033866E+01  1.916175079E+01
1.693934192E+01  1.894966698E+01
1.695834519E+01  1.890934753E+01
1.697734846E+01  1.880246162E+01
1.699635172E+01  1.838690758E+01
1.701535499E+01  1.779573631E+01
1.703435825E+01  1.772957802E+01
1.705336152E+01  1.757163239E+01
1.707236479E+01  1.750966835E+01
1.709136805E+01  1.673006439E+01
1.711037132E+01  1.612575150E+01
1.712937459E+01  1.541059685E+01
1.714837785E+01  1.532386971E+01
1.716738112E+01  1.532624817E+01
1.718638438E+01  1.563639164E+01
1.720538765E+01  1.604104614E+01
1.722439092E+01  1.624198341E+01
1.724339418E+01  1.617956543E+01
1.726239745E+01  1.580265427E+01
1.728140072E+01  1.538464642E+01
1.730040398E+01  1.487718105E+01
1.731940725E+01  1.431517792E+01
1.733841051E+01  1.359100342E+01
1.735741378E+01  1.300146008E+01
1.737641705E+01  1.177104378E+01
1.739542031E+01  1.054182720E+01
1.741442358E+01  9.502114296E+00
1.743342685E+01  8.447597504E+00
1.745243011E+01  7.406499386E+00
1.747143338E+01  6.584892273E+00
1.749043664E+01  5.932125568E+00
1.750943991E+01  5.424098015E+00
1.752844318E+01  4.683390141E+00
1.754744644E+01  4.103049278E+00
1.756644971E+01  3.564700127E+00
1.758545298E+01  3.345025063E+00
1.760445624E+01  3.110198498E+00
1.762345951E+01  2.917872429E+00
1.764246277E+01  2.607678652E+00
1.766146604E+01  2.328133106E+00
1.768046931E+01  2.397840977E+00
1.769947257E+01  2.700181961E+00
1.771847584E+01  2.761707306E+00
1.773747911E+01  2.866429329E+00
1.775648237E+01  2.476534367E+00
1.777548564E+01  2.493123293E+00
1.779448890E+01  2.447172165E+00
1.781349217E+01  2.388523579E+00
1.783249544E+01  2.494173765E+00
1.785149870E+01  2.605668783E+00
1.787050197E+01  2.705358505E+00
1.788950524E+01  2.596263409E+00
1.790850850E+01  2.628098249E+00
1.792751177E+01  2.722598314E+00
1.794651503E+01  2.968195200E+00
1.796551830E+01  3.060855389E+00
1.798452157E+01  3.032544136E+00
1.800352483E+01  3.331346989E+00
1.802252810E+01  3.388116360E+00
1.804153137E+01  3.618038177E+00
1.806053463E+01  3.598273516E+00
1.807953790E+01  3.550742626E+00
1.809854116E+01  3.589895248E+00
1.811754443E+01  3.698264122E+00
1.813654770E+01  4.096962929E+00
1.815555096E+01  4.320986748E+00
1.817455423E+01  4.829473019E+00
1.819355750E+01  5.115504265E+00
1.821256076E+01  4.974174500E+00
1.823156403E+01  5.121671677E+00
1.825056729E+01  5.727186203E+00
1.826957056E+01  6.680567741E+00
1.828857383E+01  7.213208675E+00
1.830757709E+01  7.770837307E+00
1.832658036E+01  8.569642067E+00
1.834558363E+01  9.690575600E+00
1.836458689E+01  1.075645447E+01
1.838359016E+01  1.188315296E+01
1.840259342E+01  1.312979984E+01
1.842159669E+01  1.486690521E+01
1.844059996E+01  1.669007683E+01
1.845960322E+01  1.846442986E+01
1.847860649E+01  2.070190430E+01
1.849760976E+01  2.277945328E+01
1.851661302E+01  2.504306602E+01
1.853561629E+01  2.722611618E+01
1.855461955E+01  2.958745766E+01
1.857362282E+01  3.152059555E+01
1.859262609E+01  3.307723999E+01
1.861162935E+01  3.417195129E+01
1.863063262E+01  3.525941086E+01
1.864963589E+01  3.599697495E+01
1.866863915E+01  3.628721237E+01
1.868764242E+01  3.639705276E+01
1.870664568E+01  3.637940216E+01
1.872564895E+01  3.612987900E+01
1.874465222E+01  3.569679642E+01
1.876365548E+01  3.528354645E+01
1.878265875E+01  3.466204071E+01
1.880166202E+01  3.388908768E+01
1.882066528E+01  3.254964066E+01
1.883966855E+01  3.079806519E+01
1.885867181E+01  2.802178955E+01
1.887767508E+01  2.566988564E+01
1.889667835E+01  2.291349983E+01
1.891568161E+01  2.040062714E+01
1.893468488E+01  1.731512833E+01
1.895368815E+01  1.453231049E+01
1.897269141E+01  1.189912319E+01
1.899169468E+01  9.920301437E+00
1.901069794E+01  8.087212563E+00
1.902970121E+01  6.638383865E+00
1.904870448E+01  5.388452530E+00
1.906770774E+01  4.322169781E+00
1.908671101E+01  3.547141790E+00
1.910571428E+01  2.996140957E+00
1.912471754E+01  2.621269941E+00
1.914372081E+01  2.451622009E+00
1.916272407E+01  2.117152214E+00
1.918172734E+01  1.623824835E+00
1.920073061E+01  1.155213952E+00
1.921973387E+01  9.014477134E-01
1.923873714E+01  8.230164647E-01
1.925774041E+01  8.043276668E-01
1.927674367E+01  6.378827095E-01
1.929574694E+01  3.471158743E-01
1.931475020E+01  5.899222568E-02
1.933375347E+01  -1.746098250E-01
1.935275674E+01  -1.400726885E-01
1.937176000E+01  -1.186538581E-02
1.939076327E+01  2.117427737E-01
1.940976654E+01  2.494160235E-01
1.942876980E+01  2.888265252E-01
1.944777307E+01  2.178153396E-01
1.946677633E+01  1.395940483E-01
1.948577960E+01  -8.786275238E-02
1.950478287E+01  -2.113833576E-01
1.952378613E+01  -3.707485497E-01
1.954278940E+01  -2.382000387E-01
1.956179267E+01  5.223038420E-02
1.958079593E+01  2.690827250E-01
1.959979920E+01  2.235159874E-01
1.961880246E+01  2.944079936E-01
1.963780573E+01  3.582151234E-01
1.965680900E+01  3.607053459E-01
1.967581226E+01  3.283252716E-01
1.969481553E+01  9.398157150E-02
1.971381880E+01  6.392742693E-02
1.973282206E+01  1.532726139E-01
1.975182533E+01  2.915528417E-01
1.977082860E+01  2.404245734E-01
1.978983186E+01  4.502644762E-02
1.980883513E+01  1.189543083E-01
1.982783839E+01  -1.063405052E-01
1.984684166E+01  -3.989574313E-02
1.986584493E+01  8.921810985E-02
1.988484819E+01  1.406389922E-01
1.990385146E+01  1.002790108E-01
1.992285473E+01  1.901740134E-01
1.994185799E+01  4.606893659E-01
1.996086126E+01  6.350713968E-01
1.997986452E+01  7.387163639E-01
1.999886779E+01  9.045751095E-01
2.001787106E+01  9.073522091E-01
2.003687432E+01  1.017502666E+00
2.005587759E+01  1.072387218E+00
2.007488086E+01  9.881824255E-01
2.009388412E+01  8.025923967E-01
2.011288739E+01  8.180748224E-01
2.013189065E+01  6.746332645E-01
2.015089392E+01  5.913515687E-01
2.016989719E+01  5.229381323E-01
2.018890045E+01  6.783308983E-01
2.020790372E+01  5.274695754E-01
2.022690699E+01  3.339459002E-01
2.024591025E+01  1.041639820E-01
2.026491352E+01  1.727289110E-01
2.028391678E+01  6.638193130E-02
2.030292005E+01  2.869101055E-02
2.032192332E+01  1.117998511E-01
2.034092658E+01  2.059700936E-01
2.035992985E+01  -6.088621169E-02
2.037893312E+01  -7.348211110E-02
2.039793638E+01  1.304878592E-01
2.041693965E+01  3.114247024E-01
2.043594291E+01  3.026505709E-01
2.045494618E+01  2.499670386E-01
2.047394945E+01  7.772605121E-02
2.049295271E+01  -1.207397655E-01
2.051195598E+01  -6.761313975E-02
2.053095925E+01  -1.329985727E-02
2.054996251E+01  2.347848564E-01
2.056896578E+01  3.701921105E-01
2.058796904E+01  4.127508998E-01
2.060697231E+01  4.931644499E-01
2.062597558E+01  4.420613348E-01
2.064497884E+01  5.587848425E-01
2.066398211E+01  5.258102417E-01
2.068298538E+01  6.712364554E-01
2.070198864E+01  7.857052684E-01
2.072099191E+01  1.085452914E+00
2.073999517E+01  1.156547308E+00
2.075899844E+01  1.272681713E+00
2.077800171E+01  1.334976077E+00
2.079700497E+01  1.447053194E+00
2.081600824E+01  1.630651236E+00
2.083501151E+01  1.665177941E+00
2.085401477E+01  1.670125127E+00
2.087301804E+01  1.514859080E+00
2.089202130E+01  1.449697495E+00
2.091102457E+01  1.589078784E+00
2.093002784E+01  1.817316532E+00
2.094903110E+01  1.773217559E+00
2.096803437E+01  1.893382788E+00
2.098703764E+01  1.871238947E+00
2.100604090E+01  1.627967238E+00
2.102504417E+01  1.647525311E+00
2.104404743E+01  1.715216517E+00
2.106305070E+01  1.918676019E+00
2.108205397E+01  1.933709145E+00
2.110105723E+01  2.034000635E+00
2.112006050E+01  1.891380548E+00
2.113906377E+01  1.816780210E+00
2.115806703E+01  1.811010003E+00
2.117707030E+01  1.710431933E+00
2.119607356E+01  1.710067034E+00
2.121507683E+01  1.568657875E+00
2.123408010E+01  1.559731960E+00
2.125308336E+01  1.594525337E+00
2.127208663E+01  1.734884620E+00
2.129108990E+01  1.441795468E+00
2.131009316E+01  7.356076837E-01
2.132909643E+01  9.814345092E-02
2.134809969E+01  5.088060722E-02
2.136710296E+01  8.119806647E-02
2.138610623E+01  1.955823153E-01
2.140510949E+01  1.829665601E-01
2.142411276E+01  1.349286735E-01
2.144311603E+01  4.579540715E-02
2.146211929E+01  -2.747553214E-02
2.148112256E+01  -4.427296668E-02
2.150012582E+01  -3.116640262E-02
2.151912909E+01  4.951891303E-02
2.153813236E+01  2.890847027E-01
2.155713562E+01  2.929072678E-01
2.157613889E+01  2.467633635E-01
2.159514216E+01  5.882450566E-02
2.161414542E+01  -2.838365361E-02
2.163314869E+01  -5.136363581E-02
2.165215195E+01  -1.435884982E-01
2.167115522E+01  3.840892762E-02
2.169015849E+01  3.025160134E-01
2.170916175E+01  2.296921015E-01
2.172816502E+01  2.071044445E-01
2.174716829E+01  6.585150957E-02
2.176617155E+01  1.872328371E-01
2.178517482E+01  1.191820055E-01
2.180417808E+01  2.059545219E-01
2.182318135E+01  1.421645880E-01
2.184218462E+01  3.827949055E-03
2.186118788E+01  -2.760223150E-01
2.188019115E+01  -3.640101552E-01
2.189919442E+01  -6.084774435E-02
2.191819768E+01  1.020902023E-01
2.193720095E+01  3.061684072E-01
2.195620421E+01  1.842770725E-01
2.197520748E+01  2.606865950E-02
2.199421075E+01  -1.372404993E-01
2.201321401E+01  -2.324094921E-01
2.203221728E+01  1.472953558E-01
