2.933934695E+00  6.594861746E-01
2.952937961E+00  2.644328773E-01
2.971941227E+00  -2.071515322E-01
2.990944494E+00  4.126216099E-02
3.009947760E+00  3.453675807E-01
3.028951026E+00  9.129188657E-01
3.047954292E+00  9.905565381E-01
3.066957559E+00  8.519238234E-01
3.085960825E+00  7.481113672E-01
3.104964091E+00  6.624233723E-01
3.123967357E+00  1.048833370E+00
3.142970624E+00  1.487891436E+00
3.161973890E+00  1.141538620E+00
3.180977156E+00  1.118120670E+00
3.199980422E+00  7.395550609E-01
3.218983689E+00  8.773556352E-01
3.237986955E+00  1.430799365E+00
3.256990221E+00  1.426538706E+00
3.275993487E+00  7.202475667E-01
3.294996754E+00  8.541142344E-01
3.314000020E+00  1.409857750E+00
3.333003286E+00  2.140344381E+00
3.352006552E+00  3.051417351E+00
3.371009819E+00  3.927954674E+00
3.390013085E+00  5.258663654E+00
3.409016351E+00  7.206261158E+00
3.428019618E+00  1.073885632E+01
3.447022884E+00  1.546798897E+01
3.466026150E+00  2.166358948E+01
3.485029416E+00  2.735378647E+01
3.504032683E+00  3.016068840E+01
3.523035949E+00  2.767102242E+01
3.542039215E+00  2.130426407E+01
3.561042481E+00  1.326342583E+01
3.580045748E+00  7.401667118E+00
3.599049014E+00  3.804174423E+00
3.618052280E+00  2.364651918E+00
3.637055546E+00  1.923790812E+00
3.656058813E+00  1.409280419E+00
3.675062079E+00  1.278664827E+00
3.694065345E+00  9.195775390E-01
3.713068611E+00  1.217035294E+00
3.732071878E+00  1.019561648E+00
3.751075144E+00  6.377995014E-01
3.770078410E+00  1.041206479E+00
3.789081676E+00  9.843415618E-01
3.808084943E+00  7.202337384E-01
3.827088209E+00  4.647726119E-01
3.846091475E+00  2.882093787E-01
3.865094741E+00  5.084732175E-01
3.884098008E+00  1.932059377E-01
3.903101274E+00  -2.558466978E-02
3.922104540E+00  5.350742117E-02
3.941107806E+00  6.922575831E-02
3.960111073E+00  3.715251982E-01
3.979114339E+00  6.238324642E-01
3.998117605E+00  8.887964487E-01
4.017120871E+00  8.823873401E-01
4.036124138E+00  5.569400787E-01
4.055127404E+00  4.331406355E-01
4.074130670E+00  4.214466810E-01
4.093133936E+00  7.978108525E-02
4.112137203E+00  1.837795079E-01
4.131140469E+00  5.669591427E-01
4.150143735E+00  7.158555984E-01
4.169147001E+00  6.135058999E-01
4.188150268E+00  3.970896900E-01
4.207153534E+00  5.369597673E-01
4.226156800E+00  6.667156219E-01
4.245160066E+00  5.395271778E-01
4.264163333E+00  7.235618830E-01
4.283166599E+00  1.093753934E+00
4.302169865E+00  1.467311382E+00
4.321173131E+00  1.496885777E+00
4.340176398E+00  1.931693912E+00
4.359179664E+00  1.897701383E+00
4.378182930E+00  1.787611961E+00
4.397186196E+00  1.548258901E+00
4.416189463E+00  7.861785293E-01
4.435192729E+00  4.761514366E-01
4.454195995E+00  4.194128215E-01
4.473199261E+00  1.047217369E+00
4.492202528E+00  1.275295138E+00
4.511205794E+00  1.055819154E+00
4.530209060E+00  2.044610828E-01
4.549212326E+00  -3.720560670E-01
4.568215593E+00  -1.856769174E-01
4.587218859E+00  3.881923556E-01
4.606222125E+00  5.606657267E-01
4.625225391E+00  1.171002388E+00
4.644228658E+00  1.208119512E+00
4.663231924E+00  1.079341292E+00
4.682235190E+00  1.133038282E+00
4.701238456E+00  1.728275061E+00
4.720241723E+00  1.916792989E+00
4.739244989E+00  1.797321796E+00
4.758248255E+00  1.352220297E+00
4.777251521E+00  1.363017082E+00
4.796254788E+00  1.445991158E+00
4.815258054E+00  8.382986188E-01
4.834261320E+00  6.958632469E-01
4.853264586E+00  3.865958750E-01
4.872267853E+00  3.917970955E-01
4.891271119E+00  3.221837580E-01
4.910274385E+00  4.413911104E-01
4.929277651E+00  1.049704194E+00
4.948280918E+00  1.239814043E+00
4.967284184E+00  9.429638982E-01
4.986287450E+00  6.556072235E-01
5.005290716E+00  2.454283237E-01
5.024293983E+00  -2.025217712E-01
5.043297249E+00  -3.415825665E-01
5.062300515E+00  -1.544486135E-01
5.081303782E+00  1.114767343E-01
5.100307048E+00  2.270517498E-01
5.119310314E+00  2.733824402E-02
5.138313580E+00  1.773632020E-01
5.157316847E+00  4.705508947E-01
5.176320113E+00  3.719073534E-01
5.195323379E+00  2.495455295E-01
5.214326645E+00  1.724957526E-01
5.233329912E+00  2.206631750E-01
5.252333178E+00  3.801744282E-01
5.271336444E+00  4.543956220E-01
5.290339710E+00  5.130674839E-01
5.309342977E+00  3.271433413E-01
5.328346243E+00  1.717606783E-01
5.347349509E+00  1.581130177E-01
5.366352775E+00  2.419267595E-01
5.385356042E+00  7.055704594E-01
5.404359308E+00  6.201137304E-01
5.423362574E+00  6.649444103E-01
5.442365840E+00  4.322792590E-01
5.461369107E+00  7.034294009E-01
5.480372373E+00  4.271830022E-01
5.499375639E+00  2.919521928E-01
5.518378905E+00  4.491184056E-01
5.537382172E+00  4.487332404E-01
5.556385438E+00  2.808244824E-01
5.575388704E+00  1.592395157E-01
5.594391970E+00  6.499424577E-02
5.613395237E+00  1.554962099E-01
5.632398503E+00  -1.477355957E-01
5.651401769E+00  -2.509018481E-01
5.670405035E+00  2.493866980E-01
5.689408302E+00  1.181155682E+00
5.708411568E+00  3.165683746E+00
5.727414834E+00  5.333973885E+00
5.746418100E+00  7.953227043E+00
5.765421367E+00  9.327321053E+00
5.784424633E+00  9.973604202E+00
5.803427899E+00  9.136384010E+00
5.822431165E+00  8.430520058E+00
5.841434432E+00  6.926438808E+00
5.860437698E+00  5.370211124E+00
5.879440964E+00  4.255155087E+00
5.898444230E+00  3.159968615E+00
5.917447497E+00  2.801856279E+00
5.936450763E+00  2.449844599E+00
5.955454029E+00  2.229037762E+00
5.974457295E+00  2.181334257E+00
5.993460562E+00  1.576962709E+00
6.012463828E+00  1.045648575E+00
6.031467094E+00  7.685701251E-01
6.050470360E+00  8.122521639E-01
6.069473627E+00  5.458661914E-01
6.088476893E+00  7.287716866E-01
6.107480159E+00  5.822053552E-01
6.126483425E+00  4.093245566E-01
6.145486692E+00  -2.286142297E-02
6.164489958E+00  7.225225121E-02
6.183493224E+00  3.586578667E-01
6.202496490E+00  3.436964452E-01
6.221499757E+00  6.135198474E-01
6.240503023E+00  1.273722410E+00
6.259506289E+00  1.907214880E+00
6.278509555E+00  2.955743074E+00
6.297512822E+00  3.844235182E+00
6.316516088E+00  5.221343040E+00
6.335519354E+00  7.083514690E+00
6.354522620E+00  1.212408638E+01
6.373525887E+00  1.892725563E+01
6.392529153E+00  2.961159897E+01
6.411532419E+00  3.591016388E+01
6.430535685E+00  3.787292862E+01
6.449538952E+00  3.118697548E+01
6.468542218E+00  2.288056946E+01
6.487545484E+00  1.403304863E+01
6.506548750E+00  8.781864166E+00
6.525552017E+00  5.770907402E+00
6.544555283E+00  4.323116779E+00
6.563558549E+00  3.622986794E+00
6.582561815E+00  3.625849962E+00
6.601565082E+00  4.241225243E+00
6.620568348E+00  5.912586212E+00
6.639571614E+00  8.122044563E+00
6.658574880E+00  1.033907604E+01
6.677578147E+00  1.181983280E+01
6.696581413E+00  1.214227009E+01
6.715584679E+00  1.168208885E+01
6.734587946E+00  1.066233063E+01
6.753591212E+00  9.779544830E+00
6.772594478E+00  9.145606995E+00
6.791597744E+00  8.888668060E+00
6.810601011E+00  9.891142845E+00
6.829604277E+00  1.197748470E+01
6.848607543E+00  1.563348198E+01
6.867610809E+00  2.099098587E+01
6.886614076E+00  2.785410118E+01
6.905617342E+00  3.903054428E+01
6.924620608E+00  5.185393524E+01
6.943623874E+00  7.083280182E+01
6.962627141E+00  8.725753784E+01
6.981630407E+00  1.052353363E+02
7.000633673E+00  1.135944443E+02
7.019636939E+00  1.157068253E+02
7.038640206E+00  1.017324142E+02
7.057643472E+00  8.356298065E+01
7.076646738E+00  6.105794144E+01
7.095650004E+00  4.332224655E+01
7.114653271E+00  3.008388710E+01
7.133656537E+00  2.074501228E+01
7.152659803E+00  1.474260044E+01
7.171663069E+00  1.053789043E+01
7.190666336E+00  7.314687729E+00
7.209669602E+00  5.255958557E+00
7.228672868E+00  4.063019276E+00
7.247676134E+00  3.213026285E+00
7.266679401E+00  2.728299141E+00
7.285682667E+00  2.111441135E+00
7.304685933E+00  1.909215331E+00
7.323689199E+00  1.313879848E+00
7.342692466E+00  9.632843733E-01
7.361695732E+00  8.041220903E-01
7.380698998E+00  8.634005189E-01
7.399702264E+00  8.038617969E-01
7.418705531E+00  8.768646121E-01
7.437708797E+00  1.045431256E+00
7.456712063E+00  1.009241700E+00
7.475715329E+00  4.501777589E-01
7.494718596E+00  -6.086283922E-02
7.513721862E+00  -1.912252754E-01
7.532725128E+00  1.584145427E-01
7.551728394E+00  4.368430078E-01
7.570731661E+00  5.935525298E-01
7.589734927E+00  3.488815725E-01
7.608738193E+00  2.402010560E-01
7.627741459E+00  1.363780051E-01
7.646744726E+00  -8.076312952E-03
7.665747992E+00  -1.540155262E-01
7.684751258E+00  -1.252922267E-01
7.703754524E+00  -6.733267009E-02
7.722757791E+00  1.242568865E-01
7.741761057E+00  4.532850087E-01
7.760764323E+00  8.013664484E-01
7.779767589E+00  1.057207704E+00
7.798770856E+00  8.583648801E-01
7.817774122E+00  6.823067069E-01
7.836777388E+00  5.683054328E-01
7.855780654E+00  6.738623977E-01
7.874783921E+00  8.307822943E-01
7.893787187E+00  4.816953540E-01
7.912790453E+00  2.791467011E-01
7.931793719E+00  1.839552820E-02
7.950796986E+00  4.047330320E-01
7.969800252E+00  5.267179012E-01
7.988803518E+00  4.869436622E-01
8.007806784E+00  2.678833902E-01
8.026810051E+00  2.719438672E-01
8.045813317E+00  2.154629827E-01
8.064816583E+00  1.509576440E-01
8.083819849E+00  -6.174536049E-02
8.102823116E+00  6.298814714E-02
8.121826382E+00  3.926585019E-01
8.140829648E+00  8.709997535E-01
8.159832914E+00  1.208349466E+00
8.178836181E+00  1.149671197E+00
8.197839447E+00  7.825084329E-01
8.216842713E+00  5.678547025E-01
8.235845979E+00  6.545632482E-01
8.254849246E+00  7.397454381E-01
8.273852512E+00  7.913224697E-01
8.292855778E+00  3.879622817E-01
8.311859045E+00  1.345326453E-01
8.330862311E+00  6.783605088E-03
8.349865577E+00  1.332149003E-02
8.368868843E+00  1.673056036E-01
8.387872110E+00  3.937222660E-01
8.406875376E+00  3.998394310E-01
8.425878642E+00  2.980719507E-01
8.444881908E+00  9.639116935E-03
8.463885175E+00  9.399114060E-04
8.482888441E+00  -9.237648547E-02
8.501891707E+00  -3.740055114E-02
8.520894973E+00  1.843930930E-01
8.539898240E+00  2.969768643E-01
8.558901506E+00  4.732096493E-01
8.577904772E+00  2.432388961E-01
8.596908038E+00  2.156009376E-01
8.615911305E+00  3.856470585E-01
8.634914571E+00  9.800718725E-02
8.653917837E+00  2.514389455E-01
8.672921103E+00  4.533838928E-01
8.691924370E+00  8.646022677E-01
8.710927636E+00  6.096948385E-01
8.729930902E+00  4.076415002E-01
8.748934168E+00  2.262347788E-01
8.767937435E+00  4.864398241E-01
8.786940701E+00  3.663030267E-01
8.805943967E+00  2.717150450E-01
8.824947233E+00  1.936026961E-01
8.843950500E+00  1.544763893E-01
8.862953766E+00  -3.313319013E-02
8.881957032E+00  -2.509749532E-01
8.900960298E+00  -3.292292953E-01
8.919963565E+00  -2.045904398E-01
8.938966831E+00  -1.568249613E-01
8.957970097E+00  2.973363400E-01
8.976973363E+00  7.950508595E-01
8.995976630E+00  1.065412045E+00
9.014979896E+00  1.290760517E+00
9.033983162E+00  1.743584752E+00
9.052986428E+00  2.495183229E+00
9.071989695E+00  3.726027012E+00
9.090992961E+00  4.712528706E+00
9.109996227E+00  5.860824108E+00
9.128999493E+00  7.594542027E+00
9.148002760E+00  1.029558468E+01
9.167006026E+00  1.357080269E+01
9.186009292E+00  1.761127853E+01
9.205012558E+00  2.277209854E+01
9.224015825E+00  2.995508766E+01
9.243019091E+00  3.944022369E+01
9.262022357E+00  5.224864578E+01
9.281025623E+00  6.975726318E+01
9.300028890E+00  9.389806366E+01
9.319032156E+00  1.295790863E+02
9.338035422E+00  1.785135345E+02
9.357038688E+00  2.487329559E+02
9.376041955E+00  3.324833679E+02
9.395045221E+00  4.400436401E+02
9.414048487E+00  5.584230957E+02
9.433051753E+00  6.530415649E+02
9.452055020E+00  6.996787109E+02
9.471058286E+00  6.748953857E+02
9.490061552E+00  6.233991699E+02
9.509064818E+00  5.441462402E+02
9.528068085E+00  4.725772400E+02
9.547071351E+00  4.107825317E+02
9.566074617E+00  3.624410400E+02
9.585077883E+00  3.208168640E+02
9.604081150E+00  2.870229797E+02
9.623084416E+00  2.600931702E+02
9.642087682E+00  2.378456116E+02
9.661090948E+00  2.134815216E+02
9.680094215E+00  1.874284821E+02
9.699097481E+00  1.571239014E+02
9.718100747E+00  1.288230438E+02
9.737104013E+00  1.015078964E+02
9.756107280E+00  7.959750366E+01
9.775110546E+00  6.135093307E+01
9.794113812E+00  4.744113159E+01
9.813117078E+00  3.628258896E+01
9.832120345E+00  2.781151009E+01
9.851123611E+00  2.123245621E+01
9.870126877E+00  1.611582947E+01
9.889130143E+00  1.226449585E+01
9.908133410E+00  8.976304054E+00
9.927136676E+00  6.424505234E+00
9.946139942E+00  4.858958244E+00
9.965143209E+00  3.420750856E+00
9.984146475E+00  2.135915041E+00
1.000314974E+01  1.155862927E+00
1.002215301E+01  5.276675820E-01
1.004115627E+01  3.276334703E-02
1.006015954E+01  -5.256364942E-01
1.007916281E+01  -7.979566455E-01
1.009816607E+01  -7.485632896E-01
1.011716934E+01  -7.447671890E-01
1.013617260E+01  -2.925243676E-01
1.015517587E+01  -2.709606476E-02
1.017417914E+01  2.768816352E-01
1.019318240E+01  6.015784740E-01
1.021218567E+01  1.043255806E+00
1.023118894E+01  1.411358118E+00
1.025019220E+01  1.778333664E+00
1.026919547E+01  2.055044413E+00
1.028819873E+01  2.658735037E+00
1.030720200E+01  3.495089054E+00
1.032620527E+01  4.647803783E+00
1.034520853E+01  5.797215462E+00
1.036421180E+01  6.858283997E+00
1.038321507E+01  8.518266678E+00
1.040221833E+01  1.093428802E+01
1.042122160E+01  1.398136902E+01
1.044022486E+01  1.762553787E+01
1.045922813E+01  2.096166229E+01
1.047823140E+01  2.395297813E+01
1.049723466E+01  2.628052902E+01
1.051623793E+01  2.769785309E+01
1.053524120E+01  2.841097450E+01
1.055424446E+01  2.891353607E+01
1.057324773E+01  2.918168449E+01
1.059225099E+01  2.885516548E+01
1.061125426E+01  2.772377586E+01
1.063025753E+01  2.618700600E+01
1.064926079E+01  2.439885902E+01
1.066826406E+01  2.262287521E+01
1.068726733E+01  2.132284355E+01
1.070627059E+01  2.028205299E+01
1.072527386E+01  1.984344673E+01
1.074427712E+01  1.962983131E+01
1.076328039E+01  1.985168839E+01
1.078228366E+01  2.017647743E+01
1.080128692E+01  2.023829842E+01
1.082029019E+01  2.086658287E+01
1.083929346E+01  2.162800217E+01
1.085829672E+01  2.257102203E+01
1.087729999E+01  2.384023285E+01
1.089630325E+01  2.493158150E+01
1.091530652E+01  2.611364365E+01
1.093430979E+01  2.722212029E+01
1.095331305E+01  2.799782944E+01
1.097231632E+01  2.899947548E+01
1.099131959E+01  2.971846199E+01
1.101032285E+01  3.045459747E+01
1.102932612E+01  3.085310936E+01
1.104832938E+01  3.094849586E+01
1.106733265E+01  3.037525368E+01
1.108633592E+01  2.995684814E+01
1.110533918E+01  2.935317421E+01
1.112434245E+01  2.890537262E+01
1.114334572E+01  2.862956810E+01
1.116234898E+01  2.782582283E+01
1.118135225E+01  2.640669632E+01
1.120035551E+01  2.503582573E+01
1.121935878E+01  2.364736557E+01
1.123836205E+01  2.188659286E+01
1.125736531E+01  1.935869789E+01
1.127636858E+01  1.653067970E+01
1.129537185E+01  1.382929230E+01
1.131437511E+01  1.144616032E+01
1.133337838E+01  9.624347687E+00
1.135238164E+01  7.711567879E+00
1.137138491E+01  6.197783470E+00
1.139038818E+01  5.102969646E+00
1.140939144E+01  4.422353268E+00
1.142839471E+01  4.156708717E+00
1.144739798E+01  3.971996784E+00
1.146640124E+01  3.342256546E+00
1.148540451E+01  2.623734951E+00
1.150440777E+01  2.193763256E+00
1.152341104E+01  1.953111649E+00
1.154241431E+01  1.723257303E+00
1.156141757E+01  1.449452281E+00
1.158042084E+01  1.183563232E+00
1.159942411E+01  1.194335222E+00
1.161842737E+01  1.240971923E+00
1.163743064E+01  9.055210948E-01
1.165643391E+01  4.766382277E-01
1.167543717E+01  4.291888177E-01
1.169444044E+01  6.009336114E-01
1.171344370E+01  5.825769305E-01
1.173244697E+01  2.953760326E-01
1.175145024E+01  1.599361897E-01
1.177045350E+01  -3.048335910E-01
1.178945677E+01  -4.894855022E-01
1.180846004E+01  -9.635168910E-01
1.182746330E+01  -7.932708859E-01
1.184646657E+01  -8.892711997E-01
1.186546983E+01  -9.654506445E-01
1.188447310E+01  -1.138714910E+00
1.190347637E+01  -8.767727613E-01
1.192247963E+01  -4.919273555E-01
1.194148290E+01  -6.999149323E-01
1.196048617E+01  -9.568971992E-01
1.197948943E+01  -6.748105288E-01
1.199849270E+01  6.458117813E-02
1.201749596E+01  5.316410065E-01
1.203649923E+01  9.601687193E-01
1.205550250E+01  1.948551059E+00
1.207450576E+01  2.718271971E+00
1.209350903E+01  3.929094553E+00
1.211251230E+01  4.765696049E+00
1.213151556E+01  6.121286392E+00
1.215051883E+01  7.018672943E+00
1.216952209E+01  7.950125694E+00
1.218852536E+01  9.341213226E+00
1.220752863E+01  1.086489487E+01
1.222653189E+01  1.288497257E+01
1.224553516E+01  1.412308693E+01
1.226453843E+01  1.611071396E+01
1.228354169E+01  1.798015213E+01
1.230254496E+01  2.132100487E+01
1.232154822E+01  2.455241776E+01
1.234055149E+01  2.867925835E+01
1.235955476E+01  3.318519211E+01
1.237855802E+01  3.931206894E+01
1.239756129E+01  4.724134827E+01
1.241656456E+01  5.621404266E+01
1.243556782E+01  6.762360382E+01
1.245457109E+01  7.829264832E+01
1.247357435E+01  9.292593384E+01
1.249257762E+01  1.030993500E+02
1.251158089E+01  1.138409882E+02
1.253058415E+01  1.216282120E+02
1.254958742E+01  1.266235962E+02
1.256859069E+01  1.287071533E+02
1.258759395E+01  1.258762054E+02
1.260659722E+01  1.167733002E+02
1.262560048E+01  1.067376099E+02
1.264460375E+01  9.510574341E+01
1.266360702E+01  8.425189972E+01
1.268261028E+01  7.617291260E+01
1.270161355E+01  6.752195740E+01
1.272061682E+01  6.186516190E+01
1.273962008E+01  5.648699951E+01
1.275862335E+01  5.251088715E+01
1.277762661E+01  4.913204575E+01
1.279662988E+01  4.657410812E+01
1.281563315E+01  4.473129654E+01
1.283463641E+01  4.320832825E+01
1.285363968E+01  4.242898941E+01
1.287264295E+01  4.123994064E+01
1.289164621E+01  4.044772720E+01
1.291064948E+01  3.974294662E+01
1.292965274E+01  3.937223816E+01
1.294865601E+01  3.907038879E+01
1.296765928E+01  3.854003906E+01
1.298666254E+01  3.839570618E+01
1.300566581E+01  3.833146286E+01
1.302466908E+01  3.803037262E+01
1.304367234E+01  3.749072266E+01
1.306267561E+01  3.728685760E+01
1.308167887E+01  3.727345657E+01
1.310068214E+01  3.800567245E+01
1.311968541E+01  3.890273285E+01
1.313868867E+01  3.983014297E+01
1.315769194E+01  4.167675400E+01
1.317669521E+01  4.388968658E+01
1.319569847E+01  4.731134033E+01
1.321470174E+01  5.149258041E+01
1.323370500E+01  5.675449753E+01
1.325270827E+01  6.523749542E+01
1.327171154E+01  7.600934601E+01
1.329071480E+01  8.978913879E+01
1.330971807E+01  1.044919052E+02
1.332872134E+01  1.155155182E+02
1.334772460E+01  1.217399826E+02
1.336672787E+01  1.168643341E+02
1.338573113E+01  1.037294083E+02
1.340473440E+01  8.310964966E+01
1.342373767E+01  6.456468964E+01
1.344274093E+01  4.808603668E+01
1.346174420E+01  3.669730759E+01
1.348074747E+01  2.828132439E+01
1.349975073E+01  2.150070000E+01
1.351875400E+01  1.580798340E+01
1.353775726E+01  1.160455704E+01
1.355676053E+01  7.580017090E+00
1.357576380E+01  5.098040104E+00
1.359476706E+01  3.251963377E+00
1.361377033E+01  2.056421041E+00
1.363277360E+01  1.122221708E+00
1.365177686E+01  2.817135155E-01
1.367078013E+01  -3.160500228E-01
1.368978339E+01  -3.728146851E-02
1.370878666E+01  1.730922908E-01
1.372778993E+01  7.896735668E-01
1.374679319E+01  8.499332070E-01
1.376579646E+01  1.257004619E+00
1.378479973E+01  1.437610626E+00
1.380380299E+01  2.106451511E+00
1.382280626E+01  2.436751366E+00
1.384180952E+01  2.949310780E+00
1.386081279E+01  2.707574606E+00
1.387981606E+01  3.302479506E+00
1.389881932E+01  3.340292215E+00
1.391782259E+01  3.969511986E+00
1.393682586E+01  4.393396854E+00
1.395582912E+01  5.115646362E+00
1.397483239E+01  5.740314960E+00
1.399383565E+01  6.163614750E+00
1.401283892E+01  6.142153263E+00
1.403184219E+01  6.376204491E+00
1.405084545E+01  6.717898369E+00
1.406984872E+01  7.309179783E+00
1.408885199E+01  7.708273411E+00
1.410785525E+01  8.097175598E+00
1.412685852E+01  8.227396965E+00
1.414586178E+01  8.274363518E+00
1.416486505E+01  7.767078400E+00
1.418386832E+01  7.347444534E+00
1.420287158E+01  6.186452866E+00
1.422187485E+01  4.948677540E+00
1.424087812E+01  3.640955448E+00
1.425988138E+01  2.704584599E+00
1.427888465E+01  1.878239989E+00
1.429788791E+01  1.292169213E+00
1.431689118E+01  8.439272046E-01
1.433589445E+01  9.333794117E-01
1.435489771E+01  5.671805739E-01
1.437390098E+01  5.537134409E-02
1.439290425E+01  -5.466795564E-01
1.441190751E+01  -6.605177522E-01
1.443091078E+01  -3.947916329E-01
1.444991404E+01  -1.140066832E-01
1.446891731E+01  -7.867642492E-02
1.448792058E+01  -3.828366101E-01
1.450692384E+01  -4.861488938E-01
1.452592711E+01  -4.886042178E-01
1.454493038E+01  -5.617510676E-01
1.456393364E+01  -4.871932864E-01
1.458293691E+01  -1.953780055E-01
1.460194017E+01  -2.983244136E-02
1.462094344E+01  5.939988047E-02
1.463994671E+01  4.963288084E-02
1.465894997E+01  2.158219218E-01
1.467795324E+01  2.771690786E-01
1.469695651E+01  6.581232548E-01
1.471595977E+01  6.875974536E-01
1.473496304E+01  8.880293369E-01
1.475396630E+01  2.885506749E-01
1.477296957E+01  4.548775256E-01
1.479197284E+01  3.593789637E-01
1.481097610E+01  6.653158665E-01
1.482997937E+01  6.721507907E-01
1.484898264E+01  7.338040471E-01
1.486798590E+01  4.173886478E-01
1.488698917E+01  2.150756121E-01
1.490599243E+01  3.816312253E-01
1.492499570E+01  5.373502374E-01
1.494399897E+01  6.719746590E-01
1.496300223E+01  3.312147260E-01
1.498200550E+01  1.060613338E-02
1.500100877E+01  2.466943413E-01
1.502001203E+01  5.383424759E-01
1.503901530E+01  5.027961731E-01
1.505801856E+01  2.527870536E-01
1.507702183E+01  1.511847228E-01
1.509602510E+01  1.822261661E-01
1.511502836E+01  2.046877891E-01
1.513403163E+01  5.301158428E-01
1.515303490E+01  5.490459204E-01
1.517203816E+01  5.724322200E-01
1.519104143E+01  2.666904926E-01
1.521004469E+01  6.395983696E-02
1.522904796E+01  -9.406191111E-02
1.524805123E+01  1.902773790E-02
1.526705449E+01  2.046496570E-01
1.528605776E+01  1.773016155E-01
1.530506103E+01  -3.987256065E-02
1.532406429E+01  2.119895518E-01
1.534306756E+01  5.616218448E-01
1.536207082E+01  5.920056105E-01
1.538107409E+01  2.139969468E-01
1.540007736E+01  1.350017339E-01
1.541908062E+01  4.906144142E-01
1.543808389E+01  7.762904763E-01
1.545708716E+01  1.188335896E+00
1.547609042E+01  1.757591248E+00
1.549509369E+01  1.861838460E+00
1.551409695E+01  1.861086845E+00
1.553310022E+01  1.558970094E+00
1.555210349E+01  1.555424571E+00
1.557110675E+01  1.834764600E+00
1.559011002E+01  2.409330368E+00
1.560911329E+01  3.229203701E+00
1.562811655E+01  3.430667639E+00
1.564711982E+01  3.725338697E+00
1.566612308E+01  3.993735075E+00
1.568512635E+01  4.692809105E+00
1.570412962E+01  5.196983814E+00
1.572313288E+01  5.808650017E+00
1.574213615E+01  6.230062962E+00
1.576113942E+01  7.327915192E+00
1.578014268E+01  8.383381844E+00
1.579914595E+01  9.723300934E+00
1.581814921E+01  1.110994625E+01
1.583715248E+01  1.248036289E+01
1.585615575E+01  1.388903522E+01
1.587515901E+01  1.583961678E+01
1.589416228E+01  1.806250572E+01
1.591316555E+01  1.972285652E+01
1.593216881E+01  2.079381371E+01
1.595117208E+01  2.128384399E+01
1.597017534E+01  2.160916138E+01
1.598917861E+01  2.121401405E+01
1.600818188E+01  2.087475586E+01
1.602718514E+01  2.082860374E+01
1.604618841E+01  2.114832306E+01
1.606519168E+01  2.193575287E+01
1.608419494E+01  2.292108917E+01
1.610319821E+01  2.413997269E+01
1.612220147E+01  2.537932014E+01
1.614120474E+01  2.609742546E+01
1.616020801E+01  2.695876694E+01
1.617921127E+01  2.761723518E+01
1.619821454E+01  2.846521378E+01
1.621721781E+01  2.910888290E+01
1.623622107E+01  2.934451103E+01
1.625522434E+01  2.945232773E+01
1.627422760E+01  2.907360077E+01
1.629323087E+01  2.895425034E+01
1.631223414E+01  2.819914055E+01
1.633123740E+01  2.708001518E+01
1.635024067E+01  2.607918549E+01
1.636924394E+01  2.532421112E+01
1.638824720E+01  2.443439865E+01
1.640725047E+01  2.285561180E+01
1.642625373E+01  2.105155373E+01
1.644525700E+01  1.926794052E+01
1.646426027E+01  1.772800255E+01
1.648326353E+01  1.593859959E+01
1.650226680E+01  1.386376381E+01
1.652127007E+01  1.197661018E+01
1.654027333E+01  1.046902180E+01
1.655927660E+01  9.584004402E+00
1.657827986E+01  8.509926796E+00
1.659728313E+01  7.429242611E+00
1.661628640E+01  6.057022095E+00
1.663528966E+01  5.216650486E+00
1.665429293E+01  4.721650600E+00
1.667329620E+01  4.443524361E+00
1.669229946E+01  4.074601650E+00
1.671130273E+01  3.827597141E+00
1.673030599E+01  3.603854656E+00
1.674930926E+01  3.310044527E+00
1.676831253E+01  3.034831762E+00
1.678731579E+01  2.913455248E+00
1.680631906E+01  2.346678257E+00
1.682532233E+01  1.892726421E+00
1.684432559E+01  1.498613000E+00
1.686332886E+01  1.271852851E+00
1.688233212E+01  1.362726927E+00
1.690133539E+01  1.442799687E+00
1.692033866E+01  1.488549709E+00
1.693934192E+01  1.249602199E+00
1.695834519E+01  1.070507288E+00
1.697734846E+01  8.663570881E-01
1.699635172E+01  8.402698040E-01
1.701535499E+01  9.016488194E-01
1.703435825E+01  9.416653514E-01
1.705336152E+01  7.034977078E-01
1.707236479E+01  2.987192571E-01
1.709136805E+01  4.018327892E-01
1.711037132E+01  6.509201527E-01
1.712937459E+01  9.830756187E-01
1.714837785E+01  1.045813203E+00
1.716738112E+01  1.297864914E+00
1.718638438E+01  1.567987919E+00
1.720538765E+01  1.777497292E+00
1.722439092E+01  1.850894332E+00
1.724339418E+01  2.040297747E+00
1.726239745E+01  2.141750813E+00
1.728140072E+01  2.354930401E+00
1.730040398E+01  2.617237568E+00
1.731940725E+01  3.294926167E+00
1.733841051E+01  3.798382282E+00
1.735741378E+01  4.415802002E+00
1.737641705E+01  4.982881546E+00
1.739542031E+01  5.877872467E+00
1.741442358E+01  6.706638336E+00
1.743342685E+01  7.498545647E+00
1.745243011E+01  8.601526260E+00
1.747143338E+01  9.992013931E+00
1.749043664E+01  1.129244328E+01
1.750943991E+01  1.313018036E+01
1.752844318E+01  1.544826889E+01
1.754744644E+01  1.816085243E+01
1.756644971E+01  2.094908524E+01
1.758545298E+01  2.403976440E+01
1.760445624E+01  2.808245468E+01
1.762345951E+01  3.244673920E+01
1.764246277E+01  3.683042145E+01
1.766146604E+01  4.247797012E+01
1.768046931E+01  4.859815598E+01
1.769947257E+01  5.530095291E+01
1.771847584E+01  6.186336899E+01
1.773747911E+01  6.867057800E+01
1.775648237E+01  7.556242371E+01
1.777548564E+01  8.211314392E+01
1.779448890E+01  8.756101227E+01
1.781349217E+01  9.143698120E+01
1.783249544E+01  9.302028656E+01
1.785149870E+01  9.204356384E+01
1.787050197E+01  8.880146790E+01
1.788950524E+01  8.352866364E+01
1.790850850E+01  7.766986084E+01
1.792751177E+01  7.174460602E+01
1.794651503E+01  6.678630829E+01
1.796551830E+01  6.178583527E+01
1.798452157E+01  5.689768982E+01
1.800352483E+01  5.230178452E+01
1.802252810E+01  4.851280594E+01
1.804153137E+01  4.449162674E+01
1.806053463E+01  4.082443237E+01
1.807953790E+01  3.712264633E+01
1.809854116E+01  3.381932068E+01
1.811754443E+01  3.042858696E+01
1.813654770E+01  2.736477089E+01
1.815555096E+01  2.408526993E+01
1.817455423E+01  2.094086266E+01
1.819355750E+01  1.841496086E+01
1.821256076E+01  1.611458015E+01
1.823156403E+01  1.418221474E+01
1.825056729E+01  1.247112560E+01
1.826957056E+01  1.120045280E+01
1.828857383E+01  9.802111626E+00
1.830757709E+01  8.497680664E+00
1.832658036E+01  7.506146431E+00
1.834558363E+01  6.844289780E+00
1.836458689E+01  6.254843235E+00
1.838359016E+01  5.364967346E+00
1.840259342E+01  4.684156418E+00
1.842159669E+01  4.192569733E+00
1.844059996E+01  3.855079889E+00
1.845960322E+01  3.367120504E+00
1.847860649E+01  2.898455143E+00
1.849760976E+01  2.695773602E+00
1.851661302E+01  2.589324951E+00
1.853561629E+01  2.382286310E+00
1.855461955E+01  2.426609993E+00
1.857362282E+01  2.261507273E+00
1.859262609E+01  1.942148089E+00
1.861162935E+01  1.703749537E+00
1.863063262E+01  2.236305714E+00
1.864963589E+01  2.861691475E+00
1.866863915E+01  3.340223551E+00
1.868764242E+01  3.470982075E+00
1.870664568E+01  3.969676495E+00
1.872564895E+01  4.630782127E+00
1.874465222E+01  5.403693676E+00
1.876365548E+01  6.379632950E+00
1.878265875E+01  6.980640411E+00
1.880166202E+01  7.431806564E+00
1.882066528E+01  7.933982849E+00
1.883966855E+01  8.632230759E+00
1.885867181E+01  9.154487610E+00
1.887767508E+01  9.849880219E+00
1.889667835E+01  1.072804737E+01
1.891568161E+01  1.133646011E+01
1.893468488E+01  1.166690636E+01
1.895368815E+01  1.198936176E+01
1.897269141E+01  1.243562794E+01
1.899169468E+01  1.219254494E+01
1.901069794E+01  1.151064968E+01
1.902970121E+01  1.031488323E+01
1.904870448E+01  9.211968422E+00
1.906770774E+01  7.611459732E+00
1.908671101E+01  6.243957520E+00
1.910571428E+01  4.748732090E+00
1.912471754E+01  3.470126867E+00
1.914372081E+01  2.066946030E+00
1.916272407E+01  1.184803128E+00
1.918172734E+01  3.236953616E-01
1.920073061E+01  -2.794040442E-01
1.921973387E+01  -5.826111436E-01
1.923873714E+01  -5.822623968E-01
1.925774041E+01  -7.021124959E-01
1.927674367E+01  -7.424393892E-01
1.929574694E+01  -7.008162737E-01
1.931475020E+01  -5.538531542E-01
1.933375347E+01  -2.617482245E-01
1.935275674E+01  -8.473838121E-02
1.937176000E+01  2.888721526E-01
1.939076327E+01  6.131401658E-01
1.940976654E+01  1.138389707E+00
1.942876980E+01  1.767304301E+00
1.944777307E+01  2.334843397E+00
1.946677633E+01  3.100626945E+00
1.948577960E+01  3.539743423E+00
1.950478287E+01  4.475901604E+00
1.952378613E+01  5.269444466E+00
1.954278940E+01  6.613888741E+00
1.956179267E+01  7.408241272E+00
1.958079593E+01  9.650222778E+00
1.959979920E+01  1.156741810E+01
1.961880246E+01  1.397887421E+01
1.963780573E+01  1.595940685E+01
1.965680900E+01  1.739974594E+01
1.967581226E+01  1.871184540E+01
1.969481553E+01  1.961018944E+01
1.971381880E+01  1.980558014E+01
1.973282206E+01  1.955097008E+01
1.975182533E+01  1.817783928E+01
1.977082860E+01  1.680793190E+01
1.978983186E+01  1.454073143E+01
1.980883513E+01  1.238912678E+01
1.982783839E+01  1.010671043E+01
1.984684166E+01  8.592524529E+00
1.986584493E+01  7.021542072E+00
1.988484819E+01  5.465419769E+00
1.990385146E+01  3.968387127E+00
1.992285473E+01  2.964818001E+00
1.994185799E+01  2.911511660E+00
1.996086126E+01  2.439310074E+00
1.997986452E+01  1.944199443E+00
1.999886779E+01  1.363878608E+00
2.001787106E+01  1.050038099E+00
2.003687432E+01  1.005227923E+00
2.005587759E+01  8.318836093E-01
2.007488086E+01  6.403073668E-01
2.009388412E+01  1.678302735E-01
2.011288739E+01  1.157788858E-01
2.013189065E+01  8.656886965E-02
2.015089392E+01  -1.711309142E-02
2.016989719E+01  4.063723609E-02
2.018890045E+01  4.864583164E-02
2.020790372E+01  -5.226621032E-02
2.022690699E+01  2.748971991E-02
2.024591025E+01  9.642761946E-02
2.026491352E+01  1.956135184E-01
2.028391678E+01  2.984258235E-01
2.030292005E+01  4.537552893E-01
2.032192332E+01  3.869112730E-01
2.034092658E+01  3.652341366E-01
2.035992985E+01  1.950591207E-01
2.037893312E+01  4.207646251E-01
2.039793638E+01  3.796907663E-01
2.041693965E+01  1.665785611E-01
2.043594291E+01  -9.989896417E-02
2.045494618E+01  -6.886859192E-04
2.047394945E+01  1.649929881E-01
2.049295271E+01  1.583665907E-01
2.051195598E+01  4.055914655E-02
2.053095925E+01  7.107447833E-03
2.054996251E+01  1.855148673E-01
2.056896578E+01  2.182729840E-01
2.058796904E+01  2.265560031E-01
2.060697231E+01  4.278722405E-02
2.062597558E+01  -8.274040185E-03
2.064497884E+01  -1.326088309E-01
2.066398211E+01  -5.329682305E-02
2.068298538E+01  2.612596191E-02
2.070198864E+01  -4.800254107E-02
2.072099191E+01  3.153337166E-02
2.073999517E+01  4.199488461E-02
2.075899844E+01  1.221763194E-01
2.077800171E+01  1.494526416E-01
2.079700497E+01  1.419898272E-01
2.081600824E+01  1.502280533E-01
2.083501151E+01  2.873099446E-01
2.085401477E+01  3.652795553E-01
2.087301804E+01  4.874460101E-01
2.089202130E+01  3.431720436E-01
2.091102457E+01  3.546909392E-01
2.093002784E+01  3.146452904E-01
2.094903110E+01  7.383084893E-01
2.096803437E+01  9.581362009E-01
2.098703764E+01  1.058099151E+00
2.100604090E+01  8.970795274E-01
2.102504417E+01  6.966669559E-01
2.104404743E+01  8.288592696E-01
2.106305070E+01  8.255459666E-01
2.108205397E+01  7.510166168E-01
2.110105723E+01  5.468285680E-01
2.112006050E+01  4.079799354E-01
2.113906377E+01  3.138204813E-01
2.115806703E+01  4.140887558E-01
2.117707030E+01  5.892094970E-01
2.119607356E+01  7.496041059E-01
2.121507683E+01  7.039809227E-01
2.123408010E+01  5.237153769E-01
2.125308336E+01  4.841695726E-01
2.127208663E+01  3.866927326E-01
2.129108990E+01  3.215274513E-01
2.131009316E+01  1.381589025E-01
2.132909643E+01  3.917234018E-02
2.134809969E+01  6.226105615E-02
2.136710296E+01  1.524578929E-01
2.138610623E+01  1.672029197E-01
2.140510949E+01  1.050634533E-01
2.142411276E+01  -9.973156452E-02
2.144311603E+01  -2.668956481E-02
2.146211929E+01  -9.884597734E-03
2.148112256E+01  1.923596114E-02
2.150012582E+01  9.992214618E-04
2.151912909E+01  1.153880209E-01
2.153813236E+01  1.658653766E-01
2.155713562E+01  2.125529647E-01
2.157613889E+01  1.246808544E-01
2.159514216E+01  8.287629113E-03
2.161414542E+01  -1.883881725E-02
2.163314869E+01  1.195754111E-01
2.165215195E+01  2.390933782E-01
2.167115522E+01  3.615690768E-01
2.169015849E+01  1.185657233E-01
2.170916175E+01  5.575657263E-02
2.172816502E+01  -9.251677990E-02
2.174716829E+01  3.158873320E-02
2.176617155E+01  2.775253654E-01
2.178517482E+01  3.826584518E-01
2.180417808E+01  6.685435027E-02
2.182318135E+01  -9.044825286E-02
2.184218462E+01  -5.097382143E-02
2.186118788E+01  1.373770088E-01
2.188019115E+01  -7.510610670E-02
2.189919442E+01  -1.597118527E-01
2.191819768E+01  -9.317542613E-02
2.193720095E+01  1.594982147E-01
2.195620421E+01  1.537046283E-01
2.197520748E+01  4.684767500E-02
2.199421075E+01  -1.612877995E-01
2.201321401E+01  -2.243159525E-02
2.203221728E+01  4.009879753E-02
