2.933934695E+00  4.370091856E-01
2.952937961E+00  2.977144718E-01
2.971941227E+00  9.935932606E-02
2.990944494E+00  7.180641294E-01
3.009947760E+00  1.298168778E+00
3.028951026E+00  1.843831301E+00
3.047954292E+00  1.322343111E+00
3.066957559E+00  8.894377947E-01
3.085960825E+00  1.052041888E+00
3.104964091E+00  1.307143569E+00
3.123967357E+00  1.430933595E+00
3.142970624E+00  7.662177086E-01
3.161973890E+00  5.638884306E-01
3.180977156E+00  4.384786189E-01
3.199980422E+00  9.074766636E-01
3.218983689E+00  1.159562588E+00
3.237986955E+00  1.497608423E+00
3.256990221E+00  1.838733673E+00
3.275993487E+00  1.670166492E+00
3.294996754E+00  1.281624556E+00
3.314000020E+00  1.147849083E+00
3.333003286E+00  1.290269971E+00
3.352006552E+00  1.891920447E+00
3.371009819E+00  2.490158558E+00
3.390013085E+00  3.226402521E+00
3.409016351E+00  4.198397160E+00
3.428019618E+00  5.968227863E+00
3.447022884E+00  8.772016525E+00
3.466026150E+00  1.293766594E+01
3.485029416E+00  1.824380302E+01
3.504032683E+00  2.228728676E+01
3.523035949E+00  2.283277321E+01
3.542039215E+00  1.972968102E+01
3.561042481E+00  1.449244118E+01
3.580045748E+00  9.744647980E+00
3.599049014E+00  6.384081841E+00
3.618052280E+00  4.632743835E+00
3.637055546E+00  3.270273209E+00
3.656058813E+00  2.868327618E+00
3.675062079E+00  2.174965143E+00
3.694065345E+00  1.839627028E+00
3.713068611E+00  1.764349461E+00
3.732071878E+00  1.850164533E+00
3.751075144E+00  1.369979978E+00
3.770078410E+00  7.577062845E-01
3.789081676E+00  9.274562448E-02
3.808084943E+00  -5.954208970E-02
3.827088209E+00  3.907672167E-01
3.846091475E+00  2.542442679E-01
3.865094741E+00  7.432405353E-01
3.884098008E+00  7.692533135E-01
3.903101274E+00  1.072448015E+00
3.922104540E+00  1.177096486E+00
3.941107806E+00  1.128130317E+00
3.960111073E+00  1.120915294E+00
3.979114339E+00  1.270735025E+00
3.998117605E+00  1.144741774E+00
4.017120871E+00  9.366067052E-01
4.036124138E+00  1.000238061E+00
4.055127404E+00  1.244719028E+00
4.074130670E+00  1.078422785E+00
4.093133936E+00  4.193629920E-01
4.112137203E+00  4.369111955E-01
4.131140469E+00  8.949368596E-01
4.150143735E+00  1.531459332E+00
4.169147001E+00  1.543201566E+00
4.188150268E+00  1.197020054E+00
4.207153534E+00  1.081987023E+00
4.226156800E+00  1.321388245E+00
4.245160066E+00  6.896877885E-01
4.264163333E+00  8.535007834E-01
4.283166599E+00  6.272605658E-01
4.302169865E+00  5.496867895E-01
4.321173131E+00  3.498268425E-01
4.340176398E+00  5.004239678E-01
4.359179664E+00  6.461952925E-01
4.378182930E+00  8.661868572E-01
4.397186196E+00  1.069248199E+00
4.416189463E+00  1.379330635E+00
4.435192729E+00  1.530155897E+00
4.454195995E+00  9.628887177E-01
4.473199261E+00  7.270042300E-01
4.492202528E+00  3.512783945E-01
4.511205794E+00  7.711765766E-01
4.530209060E+00  3.095726669E-01
4.549212326E+00  5.606055856E-01
4.568215593E+00  5.653457046E-01
4.587218859E+00  3.442269564E-01
4.606222125E+00  2.179314196E-01
4.625225391E+00  -7.422606647E-02
4.644228658E+00  -2.364395186E-02
4.663231924E+00  5.726512522E-03
4.682235190E+00  4.226811230E-01
4.701238456E+00  1.001281619E+00
4.720241723E+00  1.347107172E+00
4.739244989E+00  1.591929197E+00
4.758248255E+00  1.108236551E+00
4.777251521E+00  8.673301339E-01
4.796254788E+00  4.108500779E-01
4.815258054E+00  2.490597963E-01
4.834261320E+00  3.341569006E-01
4.853264586E+00  8.221279830E-02
4.872267853E+00  -1.894524544E-01
4.891271119E+00  -7.132533938E-02
4.910274385E+00  2.542605996E-01
4.929277651E+00  1.913581043E-01
4.948280918E+00  4.525388777E-01
4.967284184E+00  5.736742616E-01
4.986287450E+00  6.868491173E-01
5.005290716E+00  6.598220468E-01
5.024293983E+00  2.772341669E-01
5.043297249E+00  9.042763710E-02
5.062300515E+00  1.778336614E-02
5.081303782E+00  -1.120915916E-02
5.100307048E+00  1.603993326E-01
5.119310314E+00  5.463945270E-01
5.138313580E+00  8.382887840E-01
5.157316847E+00  1.187469959E+00
5.176320113E+00  9.989013672E-01
5.195323379E+00  6.231995821E-01
5.214326645E+00  4.912776947E-01
5.233329912E+00  3.738221526E-01
5.252333178E+00  5.993722081E-01
5.271336444E+00  1.026459336E+00
5.290339710E+00  1.280684710E+00
5.309342977E+00  1.278251290E+00
5.328346243E+00  1.415311813E+00
5.347349509E+00  1.058878303E+00
5.366352775E+00  7.488659024E-01
5.385356042E+00  3.795998096E-01
5.404359308E+00  3.510020971E-01
5.423362574E+00  -1.260310858E-01
5.442365840E+00  -2.224824876E-01
5.461369107E+00  2.945037792E-03
5.480372373E+00  5.075327158E-01
5.499375639E+00  9.109410644E-01
5.518378905E+00  1.069125414E+00
5.537382172E+00  9.280061722E-01
5.556385438E+00  3.945024908E-01
5.575388704E+00  2.829097398E-02
5.594391970E+00  -4.320999142E-03
5.613395237E+00  1.153357103E-01
5.632398503E+00  1.802220792E-01
5.651401769E+00  3.914286494E-01
5.670405035E+00  7.721000910E-01
5.689408302E+00  4.306180775E-01
5.708411568E+00  2.057648636E-02
5.727414834E+00  2.626459599E-01
5.746418100E+00  1.547691226E+00
5.765421367E+00  3.057649851E+00
5.784424633E+00  4.364850044E+00
5.803427899E+00  4.981980324E+00
5.822431165E+00  4.876509666E+00
5.841434432E+00  4.402215958E+00
5.860437698E+00  3.481926680E+00
5.879440964E+00  2.705338955E+00
5.898444230E+00  2.099557638E+00
5.917447497E+00  1.530795217E+00
5.936450763E+00  1.274699092E+00
5.955454029E+00  7.281109691E-01
5.974457295E+00  4.277584255E-01
5.993460562E+00  4.666502178E-01
6.012463828E+00  6.901513338E-01
6.031467094E+00  7.672713995E-01
6.050470360E+00  4.399925768E-01
6.069473627E+00  -2.001342177E-01
6.088476893E+00  -1.341850758E-01
6.107480159E+00  -8.555580676E-02
6.126483425E+00  2.191282511E-01
6.145486692E+00  5.142309666E-01
6.164489958E+00  6.110575795E-01
6.183493224E+00  4.654059708E-01
6.202496490E+00  6.149763465E-01
6.221499757E+00  6.445513368E-01
6.240503023E+00  2.041399330E-01
6.259506289E+00  1.949527413E-01
6.278509555E+00  2.683197558E-01
6.297512822E+00  7.897417545E-01
6.316516088E+00  1.127267599E+00
6.335519354E+00  1.674611926E+00
6.354522620E+00  2.460257292E+00
6.373525887E+00  4.620995522E+00
6.392529153E+00  7.886106968E+00
6.411532419E+00  1.340908527E+01
6.430535685E+00  1.749783325E+01
6.449538952E+00  1.975655746E+01
6.468542218E+00  1.787523651E+01
6.487545484E+00  1.475861263E+01
6.506548750E+00  9.484529495E+00
6.525552017E+00  5.940605164E+00
6.544555283E+00  3.233050346E+00
6.563558549E+00  1.987566948E+00
6.582561815E+00  1.309234142E+00
6.601565082E+00  1.202841640E+00
6.620568348E+00  1.755674481E+00
6.639571614E+00  2.503310680E+00
6.658574880E+00  3.401666641E+00
6.677578147E+00  4.711976051E+00
6.696581413E+00  6.355341911E+00
6.715584679E+00  8.623549461E+00
6.734587946E+00  1.067984486E+01
6.753591212E+00  1.159169674E+01
6.772594478E+00  1.191207314E+01
6.791597744E+00  1.145442390E+01
6.810601011E+00  1.097497368E+01
6.829604277E+00  1.054450417E+01
6.848607543E+00  1.071727848E+01
6.867610809E+00  1.132785797E+01
6.886614076E+00  1.295958996E+01
6.905617342E+00  1.648150253E+01
6.924620608E+00  2.207156372E+01
6.943623874E+00  3.162360191E+01
6.962627141E+00  4.347224426E+01
6.981630407E+00  5.860176468E+01
7.000633673E+00  7.166924286E+01
7.019636939E+00  8.225784302E+01
7.038640206E+00  8.453060150E+01
7.057643472E+00  8.183679199E+01
7.076646738E+00  7.038265228E+01
7.095650004E+00  5.844909286E+01
7.114653271E+00  4.524980545E+01
7.133656537E+00  3.428503036E+01
7.152659803E+00  2.558825874E+01
7.171663069E+00  1.893779755E+01
7.190666336E+00  1.359027576E+01
7.209669602E+00  9.880792618E+00
7.228672868E+00  6.950040340E+00
7.247676134E+00  5.254761219E+00
7.266679401E+00  4.660046101E+00
7.285682667E+00  4.238106251E+00
7.304685933E+00  3.063498020E+00
7.323689199E+00  2.044378519E+00
7.342692466E+00  1.282813072E+00
7.361695732E+00  1.123877883E+00
7.380698998E+00  9.899675250E-01
7.399702264E+00  1.017467618E+00
7.418705531E+00  8.472080827E-01
7.437708797E+00  7.489445210E-01
7.456712063E+00  7.623205185E-01
7.475715329E+00  6.726220250E-01
7.494718596E+00  4.364068806E-01
7.513721862E+00  2.934595048E-01
7.532725128E+00  3.880376518E-01
7.551728394E+00  4.084605575E-01
7.570731661E+00  1.012998819E-01
7.589734927E+00  -2.642553300E-02
7.608738193E+00  2.207811922E-03
7.627741459E+00  3.352611661E-01
7.646744726E+00  3.652367592E-01
7.665747992E+00  2.040226609E-01
7.684751258E+00  3.210915327E-01
7.703754524E+00  2.460758686E-01
7.722757791E+00  1.475791633E-01
7.741761057E+00  -7.583828177E-03
7.760764323E+00  2.143285871E-01
7.779767589E+00  2.553661466E-01
7.798770856E+00  8.555435389E-02
7.817774122E+00  1.832098067E-01
7.836777388E+00  7.296565175E-01
7.855780654E+00  1.024782658E+00
7.874783921E+00  1.004389167E+00
7.893787187E+00  9.496299028E-01
7.912790453E+00  9.537473321E-01
7.931793719E+00  9.210788012E-01
7.950796986E+00  5.780724883E-01
7.969800252E+00  6.875198483E-01
7.988803518E+00  6.136479974E-01
8.007806784E+00  4.074310958E-01
8.026810051E+00  7.314850092E-01
8.045813317E+00  3.792928159E-01
8.064816583E+00  1.099509746E-01
8.083819849E+00  -3.803043067E-01
8.102823116E+00  -1.716293097E-01
8.121826382E+00  -9.762421995E-02
8.140829648E+00  5.241110548E-02
8.159832914E+00  2.625721991E-01
8.178836181E+00  5.829522610E-01
8.197839447E+00  6.190371513E-01
8.216842713E+00  7.233099937E-01
8.235845979E+00  8.319821954E-01
8.254849246E+00  5.771917105E-01
8.273852512E+00  1.632395387E-01
8.292855778E+00  -1.135507971E-02
8.311859045E+00  1.806770861E-01
8.330862311E+00  3.372840285E-01
8.349865577E+00  5.738464594E-01
8.368868843E+00  4.480445087E-01
8.387872110E+00  3.745930791E-01
8.406875376E+00  6.479175687E-01
8.425878642E+00  7.807935476E-01
8.444881908E+00  5.916747451E-01
8.463885175E+00  6.113408804E-01
8.482888441E+00  5.940693021E-01
8.501891707E+00  5.455752015E-01
8.520894973E+00  6.952121854E-01
8.539898240E+00  7.317833304E-01
8.558901506E+00  6.510619521E-01
8.577904772E+00  3.289442956E-01
8.596908038E+00  1.947756857E-01
8.615911305E+00  6.805298477E-02
8.634914571E+00  -1.184291169E-01
8.653917837E+00  -1.087375432E-01
8.672921103E+00  1.600570232E-01
8.691924370E+00  2.860158384E-01
8.710927636E+00  5.530903935E-01
8.729930902E+00  3.152942657E-01
8.748934168E+00  3.033905625E-01
8.767937435E+00  -9.130857885E-02
8.786940701E+00  9.541215748E-02
8.805943967E+00  1.834631860E-01
8.824947233E+00  4.357989132E-02
8.843950500E+00  -1.035132259E-01
8.862953766E+00  -3.733207583E-01
8.881957032E+00  -1.658768952E-02
8.900960298E+00  2.444728166E-01
8.919963565E+00  2.143630981E-01
8.938966831E+00  -6.177154928E-02
8.957970097E+00  -1.715264320E-01
8.976973363E+00  2.084043622E-02
8.995976630E+00  4.188252091E-01
9.014979896E+00  1.013561845E+00
9.033983162E+00  1.484772563E+00
9.052986428E+00  2.115545034E+00
9.071989695E+00  2.822649956E+00
9.090992961E+00  3.975294352E+00
9.109996227E+00  5.625877857E+00
9.128999493E+00  7.910639286E+00
9.148002760E+00  1.115364456E+01
9.167006026E+00  1.479419422E+01
9.186009292E+00  1.874163628E+01
9.205012558E+00  2.334304428E+01
9.224015825E+00  2.838408279E+01
9.243019091E+00  3.422686386E+01
9.262022357E+00  4.027515030E+01
9.281025623E+00  4.722883987E+01
9.300028890E+00  5.438105774E+01
9.319032156E+00  6.289276886E+01
9.338035422E+00  7.269374847E+01
9.357038688E+00  8.537395477E+01
9.376041955E+00  1.016061859E+02
9.395045221E+00  1.209772949E+02
9.414048487E+00  1.489150543E+02
9.433051753E+00  1.835051727E+02
9.452055020E+00  2.285767365E+02
9.471058286E+00  2.797253113E+02
9.490061552E+00  3.377944641E+02
9.509064818E+00  3.940643616E+02
9.528068085E+00  4.377793579E+02
9.547071351E+00  4.718858948E+02
9.566074617E+00  4.835740662E+02
9.585077883E+00  4.748819580E+02
9.604081150E+00  4.436636963E+02
9.623084416E+00  4.059062500E+02
9.642087682E+00  3.621158752E+02
9.661090948E+00  3.199374390E+02
9.680094215E+00  2.836751099E+02
9.699097481E+00  2.496153412E+02
9.718100747E+00  2.242019348E+02
9.737104013E+00  2.000575562E+02
9.756107280E+00  1.771762085E+02
9.775110546E+00  1.523775177E+02
9.794113812E+00  1.279227600E+02
9.813117078E+00  1.044885025E+02
9.832120345E+00  8.397332001E+01
9.851123611E+00  6.625616455E+01
9.870126877E+00  5.180545044E+01
9.889130143E+00  4.072294235E+01
9.908133410E+00  3.170540428E+01
9.927136676E+00  2.492579842E+01
9.946139942E+00  1.954319000E+01
9.965143209E+00  1.517142773E+01
9.984146475E+00  1.114878559E+01
1.000314974E+01  8.549353600E+00
1.002215301E+01  6.574370861E+00
1.004115627E+01  4.866446972E+00
1.006015954E+01  3.176799536E+00
1.007916281E+01  1.923562527E+00
1.009816607E+01  9.774656892E-01
1.011716934E+01  4.634892046E-01
1.013617260E+01  1.098057404E-01
1.015517587E+01  -3.253518343E-01
1.017417914E+01  -9.294195175E-01
1.019318240E+01  -8.152934909E-01
1.021218567E+01  -7.731984258E-01
1.023118894E+01  -7.167452574E-01
1.025019220E+01  -8.795539737E-01
1.026919547E+01  -7.702537775E-01
1.028819873E+01  -4.419066012E-01
1.030720200E+01  1.923050880E-01
1.032620527E+01  3.569269776E-01
1.034520853E+01  8.560055494E-01
1.036421180E+01  1.350416064E+00
1.038321507E+01  1.780317187E+00
1.040221833E+01  2.103796482E+00
1.042122160E+01  2.408609867E+00
1.044022486E+01  3.032433987E+00
1.045922813E+01  3.741772413E+00
1.047823140E+01  4.771215439E+00
1.049723466E+01  6.106623173E+00
1.051623793E+01  7.699586868E+00
1.053524120E+01  9.460600853E+00
1.055424446E+01  1.123327637E+01
1.057324773E+01  1.362332821E+01
1.059225099E+01  1.556244278E+01
1.061125426E+01  1.763623619E+01
1.063025753E+01  1.925361443E+01
1.064926079E+01  2.045204544E+01
1.066826406E+01  2.085908699E+01
1.068726733E+01  2.119092178E+01
1.070627059E+01  2.124660873E+01
1.072527386E+01  2.120508957E+01
1.074427712E+01  2.032911301E+01
1.076328039E+01  1.936438560E+01
1.078228366E+01  1.893874168E+01
1.080128692E+01  1.822702980E+01
1.082029019E+01  1.782120132E+01
1.083929346E+01  1.736854172E+01
1.085829672E+01  1.726262665E+01
1.087729999E+01  1.785881424E+01
1.089630325E+01  1.844257927E+01
1.091530652E+01  1.994537926E+01
1.093430979E+01  2.085683441E+01
1.095331305E+01  2.183967972E+01
1.097231632E+01  2.220743179E+01
1.099131959E+01  2.344913483E+01
1.101032285E+01  2.466527367E+01
1.102932612E+01  2.614876175E+01
1.104832938E+01  2.674499130E+01
1.106733265E+01  2.742645454E+01
1.108633592E+01  2.854970360E+01
1.110533918E+01  2.894275856E+01
1.112434245E+01  2.949381828E+01
1.114334572E+01  2.997785568E+01
1.116234898E+01  2.962729645E+01
1.118135225E+01  2.877200508E+01
1.120035551E+01  2.804662895E+01
1.121935878E+01  2.819682503E+01
1.123836205E+01  2.842945099E+01
1.125736531E+01  2.906387520E+01
1.127636858E+01  3.033354759E+01
1.129537185E+01  3.027933311E+01
1.131437511E+01  3.057531357E+01
1.133337838E+01  3.018178940E+01
1.135238164E+01  2.923380470E+01
1.137138491E+01  2.674392700E+01
1.139038818E+01  2.371628189E+01
1.140939144E+01  2.081262970E+01
1.142839471E+01  1.753980064E+01
1.144739798E+01  1.524502850E+01
1.146640124E+01  1.250526810E+01
1.148540451E+01  1.074181271E+01
1.150440777E+01  8.812472343E+00
1.152341104E+01  7.375613689E+00
1.154241431E+01  6.398996353E+00
1.156141757E+01  5.770329475E+00
1.158042084E+01  4.871753693E+00
1.159942411E+01  4.226896763E+00
1.161842737E+01  3.772329569E+00
1.163743064E+01  3.718945742E+00
1.165643391E+01  2.837395430E+00
1.167543717E+01  2.095022678E+00
1.169444044E+01  2.135374308E+00
1.171344370E+01  1.914847374E+00
1.173244697E+01  1.880134106E+00
1.175145024E+01  1.298303962E+00
1.177045350E+01  9.256885648E-01
1.178945677E+01  3.320720196E-01
1.180846004E+01  -3.907971680E-01
1.182746330E+01  -4.278350472E-01
1.184646657E+01  -4.789643586E-01
1.186546983E+01  -5.976616144E-01
1.188447310E+01  -9.594663978E-01
1.190347637E+01  -9.498887062E-01
1.192247963E+01  -1.060207605E+00
1.194148290E+01  -6.287910938E-01
1.196048617E+01  -3.527711928E-01
1.197948943E+01  4.302306175E-01
1.199849270E+01  1.116856456E+00
1.201749596E+01  2.171031713E+00
1.203649923E+01  3.205734015E+00
1.205550250E+01  4.901430607E+00
1.207450576E+01  7.146654606E+00
1.209350903E+01  9.617391586E+00
1.211251230E+01  1.289786339E+01
1.213151556E+01  1.597835827E+01
1.215051883E+01  1.840370941E+01
1.216952209E+01  2.100688744E+01
1.218852536E+01  2.244176865E+01
1.220752863E+01  2.334075546E+01
1.222653189E+01  2.313896370E+01
1.224553516E+01  2.263384247E+01
1.226453843E+01  2.133713531E+01
1.228354169E+01  2.038015556E+01
1.230254496E+01  1.948640251E+01
1.232154822E+01  1.913761520E+01
1.234055149E+01  1.887303162E+01
1.235955476E+01  1.890846252E+01
1.237855802E+01  1.948785019E+01
1.239756129E+01  2.092749977E+01
1.241656456E+01  2.242725372E+01
1.243556782E+01  2.463632011E+01
1.245457109E+01  2.720439720E+01
1.247357435E+01  3.055360413E+01
1.249257762E+01  3.418377304E+01
1.251158089E+01  3.895229340E+01
1.253058415E+01  4.485664749E+01
1.254958742E+01  5.161489105E+01
1.256859069E+01  6.017357635E+01
1.258759395E+01  6.805844116E+01
1.260659722E+01  7.856495667E+01
1.262560048E+01  8.738822174E+01
1.264460375E+01  9.919348907E+01
1.266360702E+01  1.093431320E+02
1.268261028E+01  1.227824249E+02
1.270161355E+01  1.359579926E+02
1.272061682E+01  1.380164948E+02
1.273962008E+01  1.383274536E+02
1.275862335E+01  1.293090668E+02
1.277762661E+01  1.056743240E+02
1.279662988E+01  9.046151733E+01
1.281563315E+01  7.573632812E+01
1.283463641E+01  6.298080444E+01
1.285363968E+01  5.583629227E+01
1.287264295E+01  4.864602661E+01
1.289164621E+01  4.502027893E+01
1.291064948E+01  4.127880478E+01
1.292965274E+01  3.908888626E+01
1.294865601E+01  3.735594940E+01
1.296765928E+01  3.623191071E+01
1.298666254E+01  3.523954773E+01
1.300566581E+01  3.438038254E+01
1.302466908E+01  3.370669174E+01
1.304367234E+01  3.255698013E+01
1.306267561E+01  3.101986313E+01
1.308167887E+01  2.971426582E+01
1.310068214E+01  2.877180481E+01
1.311968541E+01  2.832071686E+01
1.313868867E+01  2.775163460E+01
1.315769194E+01  2.753517723E+01
1.317669521E+01  2.756844521E+01
1.319569847E+01  2.732696915E+01
1.321470174E+01  2.681291580E+01
1.323370500E+01  2.676903152E+01
1.325270827E+01  2.688275719E+01
1.327171154E+01  2.683452034E+01
1.329071480E+01  2.662651062E+01
1.330971807E+01  2.649499130E+01
1.332872134E+01  2.639284897E+01
1.334772460E+01  2.675129509E+01
1.336672787E+01  2.752631378E+01
1.338573113E+01  2.839514542E+01
1.340473440E+01  2.958574104E+01
1.342373767E+01  3.061845970E+01
1.344274093E+01  3.219214249E+01
1.346174420E+01  3.319978714E+01
1.348074747E+01  3.430826950E+01
1.349975073E+01  3.474915314E+01
1.351875400E+01  3.498516083E+01
1.353775726E+01  3.422707748E+01
1.355676053E+01  3.198941612E+01
1.357576380E+01  2.857138252E+01
1.359476706E+01  2.457909393E+01
1.361377033E+01  2.002915192E+01
1.363277360E+01  1.590844154E+01
1.365177686E+01  1.172147655E+01
1.367078013E+01  8.273250580E+00
1.368978339E+01  5.704878807E+00
1.370878666E+01  3.647758007E+00
1.372778993E+01  2.022391319E+00
1.374679319E+01  6.321691275E-01
1.376579646E+01  -8.573258668E-02
1.378479973E+01  -2.428935021E-01
1.380380299E+01  -1.692285389E-02
1.382280626E+01  1.553944051E-01
1.384180952E+01  6.127957106E-01
1.386081279E+01  7.044347525E-01
1.387981606E+01  8.192543387E-01
1.389881932E+01  1.323181868E+00
1.391782259E+01  1.709077716E+00
1.393682586E+01  1.995982289E+00
1.395582912E+01  2.103048325E+00
1.397483239E+01  2.872491598E+00
1.399383565E+01  3.492748499E+00
1.401283892E+01  4.213092804E+00
1.403184219E+01  4.677392483E+00
1.405084545E+01  5.106529236E+00
1.406984872E+01  5.493440151E+00
1.408885199E+01  5.900816441E+00
1.410785525E+01  6.548097134E+00
1.412685852E+01  7.302148819E+00
1.414586178E+01  7.941380024E+00
1.416486505E+01  8.374007225E+00
1.418386832E+01  9.194314957E+00
1.420287158E+01  1.002619648E+01
1.422187485E+01  1.081700706E+01
1.424087812E+01  1.142419243E+01
1.425988138E+01  1.153052902E+01
1.427888465E+01  1.067195702E+01
1.429788791E+01  9.587665558E+00
1.431689118E+01  8.659928322E+00
1.433589445E+01  7.474150658E+00
1.435489771E+01  5.711907387E+00
1.437390098E+01  3.799045801E+00
1.439290425E+01  2.258805513E+00
1.441190751E+01  1.428740025E+00
1.443091078E+01  6.475163698E-01
1.444991404E+01  2.239558399E-01
1.446891731E+01  -3.935160041E-01
1.448792058E+01  -8.693097830E-01
1.450692384E+01  -9.620405436E-01
1.452592711E+01  -8.183352947E-01
1.454493038E+01  -4.863214791E-01
1.456393364E+01  -4.426956773E-01
1.458293691E+01  -6.064262986E-01
1.460194017E+01  -4.787837267E-01
1.462094344E+01  -2.759546041E-01
1.463994671E+01  -2.435874641E-01
1.465894997E+01  -1.808717102E-01
1.467795324E+01  -1.284811050E-01
1.469695651E+01  -4.983409122E-02
1.471595977E+01  1.839500815E-01
1.473496304E+01  4.464700222E-01
1.475396630E+01  6.110911965E-01
1.477296957E+01  3.740034997E-01
1.479197284E+01  1.879503131E-01
1.481097610E+01  1.776930392E-01
1.482997937E+01  3.342230320E-01
1.484898264E+01  4.277538657E-01
1.486798590E+01  9.060041904E-01
1.488698917E+01  5.407257676E-01
1.490599243E+01  6.143620610E-01
1.492499570E+01  5.521566272E-01
1.494399897E+01  9.476789832E-01
1.496300223E+01  1.177110910E+00
1.498200550E+01  8.956277370E-01
1.500100877E+01  1.822177172E-01
1.502001203E+01  4.938452691E-02
1.503901530E+01  4.769588709E-01
1.505801856E+01  1.135149598E+00
1.507702183E+01  1.140615106E+00
1.509602510E+01  1.017383695E+00
1.511502836E+01  8.165726662E-01
1.513403163E+01  6.559684277E-01
1.515303490E+01  6.705406308E-01
1.517203816E+01  7.828117609E-01
1.519104143E+01  9.350644350E-01
1.521004469E+01  6.553193331E-01
1.522904796E+01  7.307660580E-01
1.524805123E+01  5.327444077E-01
1.526705449E+01  3.534287214E-01
1.528605776E+01  -8.814249188E-03
1.530506103E+01  -1.305445731E-01
1.532406429E+01  2.957937680E-02
1.534306756E+01  -1.048709899E-01
1.536207082E+01  1.081789881E-01
1.538107409E+01  1.207993180E-01
1.540007736E+01  2.831142545E-01
1.541908062E+01  4.150650799E-01
1.543808389E+01  3.142231703E-01
1.545708716E+01  7.363664508E-01
1.547609042E+01  3.861112893E-01
1.549509369E+01  -8.569951751E-04
1.551409695E+01  -1.038127467E-01
1.553310022E+01  1.610200405E-01
1.555210349E+01  4.306146502E-01
1.557110675E+01  5.968945026E-01
1.559011002E+01  7.559071183E-01
1.560911329E+01  9.811407924E-01
1.562811655E+01  1.286278844E+00
1.564711982E+01  1.570238590E+00
1.566612308E+01  1.828400135E+00
1.568512635E+01  2.219745398E+00
1.570412962E+01  2.453593969E+00
1.572313288E+01  2.586310387E+00
1.574213615E+01  2.367161274E+00
1.576113942E+01  2.745106220E+00
1.578014268E+01  3.034020901E+00
1.579914595E+01  3.724830866E+00
1.581814921E+01  3.961480618E+00
1.583715248E+01  4.536630154E+00
1.585615575E+01  5.048120022E+00
1.587515901E+01  5.787215233E+00
1.589416228E+01  6.578756332E+00
1.591316555E+01  7.271711349E+00
1.593216881E+01  7.688826084E+00
1.595117208E+01  8.167559624E+00
1.597017534E+01  9.001355171E+00
1.598917861E+01  1.018999100E+01
1.600818188E+01  1.136913013E+01
1.602718514E+01  1.243383980E+01
1.604618841E+01  1.364204597E+01
1.606519168E+01  1.498254585E+01
1.608419494E+01  1.612799072E+01
1.610319821E+01  1.663999939E+01
1.612220147E+01  1.745641518E+01
1.614120474E+01  1.819866180E+01
1.616020801E+01  1.854411697E+01
1.617921127E+01  1.888381767E+01
1.619821454E+01  1.929182625E+01
1.621721781E+01  1.986941338E+01
1.623622107E+01  2.076219559E+01
1.625522434E+01  2.148144341E+01
1.627422760E+01  2.213778114E+01
1.629323087E+01  2.266693306E+01
1.631223414E+01  2.315307236E+01
1.633123740E+01  2.381452751E+01
1.635024067E+01  2.423941612E+01
1.636924394E+01  2.494160461E+01
1.638824720E+01  2.598270035E+01
1.640725047E+01  2.713858414E+01
1.642625373E+01  2.798415565E+01
1.644525700E+01  2.799327087E+01
1.646426027E+01  2.777400780E+01
1.648326353E+01  2.760251045E+01
1.650226680E+01  2.742148781E+01
1.652127007E+01  2.683417702E+01
1.654027333E+01  2.569559479E+01
1.655927660E+01  2.459218025E+01
1.657827986E+01  2.286337280E+01
1.659728313E+01  2.064711189E+01
1.661628640E+01  1.851881790E+01
1.663528966E+01  1.650872040E+01
1.665429293E+01  1.473768330E+01
1.667329620E+01  1.309217262E+01
1.669229946E+01  1.169131660E+01
1.671130273E+01  1.010807800E+01
1.673030599E+01  8.643260002E+00
1.674930926E+01  7.602531910E+00
1.676831253E+01  6.965413570E+00
1.678731579E+01  6.395536423E+00
1.680631906E+01  5.597971439E+00
1.682532233E+01  4.785629749E+00
1.684432559E+01  4.716511250E+00
1.686332886E+01  4.527657986E+00
1.688233212E+01  4.222824574E+00
1.690133539E+01  3.511058569E+00
1.692033866E+01  3.069547653E+00
1.693934192E+01  2.841593027E+00
1.695834519E+01  2.682684183E+00
1.697734846E+01  2.263695955E+00
1.699635172E+01  1.858961344E+00
1.701535499E+01  1.707858562E+00
1.703435825E+01  1.971004009E+00
1.705336152E+01  1.737714291E+00
1.707236479E+01  1.289449930E+00
1.709136805E+01  1.282417297E+00
1.711037132E+01  1.377910137E+00
1.712937459E+01  1.214615345E+00
1.714837785E+01  1.115704894E+00
1.716738112E+01  1.245041490E+00
1.718638438E+01  1.621017575E+00
1.720538765E+01  1.610666275E+00
1.722439092E+01  1.684193611E+00
1.724339418E+01  1.357253909E+00
1.726239745E+01  1.430345774E+00
1.728140072E+01  1.460567474E+00
1.730040398E+01  1.833227038E+00
1.731940725E+01  1.995362043E+00
1.733841051E+01  1.877233148E+00
1.735741378E+01  1.707265496E+00
1.737641705E+01  1.898675203E+00
1.739542031E+01  2.698242188E+00
1.741442358E+01  3.096298456E+00
1.743342685E+01  3.120000839E+00
1.745243011E+01  3.373995781E+00
1.747143338E+01  3.936658144E+00
1.749043664E+01  4.517973423E+00
1.750943991E+01  4.871325493E+00
1.752844318E+01  5.024026871E+00
1.754744644E+01  5.253496647E+00
1.756644971E+01  5.541041851E+00
1.758545298E+01  6.003634930E+00
1.760445624E+01  6.677602291E+00
1.762345951E+01  7.847589016E+00
1.764246277E+01  8.597383499E+00
1.766146604E+01  9.683605194E+00
1.768046931E+01  1.069184494E+01
1.769947257E+01  1.199072361E+01
1.771847584E+01  1.363808823E+01
1.773747911E+01  1.578478050E+01
1.775648237E+01  1.759997177E+01
1.777548564E+01  1.962044907E+01
1.779448890E+01  2.214060211E+01
1.781349217E+01  2.528477669E+01
1.783249544E+01  2.918307495E+01
1.785149870E+01  3.320184326E+01
1.787050197E+01  3.753179169E+01
1.788950524E+01  4.169992828E+01
1.790850850E+01  4.608732224E+01
1.792751177E+01  5.056562042E+01
1.794651503E+01  5.441501617E+01
1.796551830E+01  5.736200714E+01
1.798452157E+01  5.981530762E+01
1.800352483E+01  6.114527893E+01
1.802252810E+01  6.214649963E+01
1.804153137E+01  6.216927338E+01
1.806053463E+01  6.163002396E+01
1.807953790E+01  6.045388412E+01
1.809854116E+01  5.871536255E+01
1.811754443E+01  5.667218399E+01
1.813654770E+01  5.462607574E+01
1.815555096E+01  5.334000015E+01
1.817455423E+01  5.237882233E+01
1.819355750E+01  5.150426102E+01
1.821256076E+01  5.017747116E+01
1.823156403E+01  4.647845078E+01
1.825056729E+01  4.094100571E+01
1.826957056E+01  3.467777634E+01
1.828857383E+01  2.875742340E+01
1.830757709E+01  2.390828896E+01
1.832658036E+01  2.047559547E+01
1.834558363E+01  1.747906876E+01
1.836458689E+01  1.482112312E+01
1.838359016E+01  1.251644135E+01
1.840259342E+01  1.107539272E+01
1.842159669E+01  9.899966240E+00
1.844059996E+01  8.757641792E+00
1.845960322E+01  7.368539810E+00
1.847860649E+01  6.213271618E+00
1.849760976E+01  5.123149395E+00
1.851661302E+01  4.592073441E+00
1.853561629E+01  4.117610931E+00
1.855461955E+01  3.445548534E+00
1.857362282E+01  2.796833038E+00
1.859262609E+01  2.256989241E+00
1.861162935E+01  1.762460113E+00
1.863063262E+01  1.654727697E+00
1.864963589E+01  1.385860205E+00
1.866863915E+01  9.791407585E-01
1.868764242E+01  5.314136147E-01
1.870664568E+01  2.473205626E-01
1.872564895E+01  1.504703462E-01
1.874465222E+01  1.222452000E-01
1.876365548E+01  1.825501025E-01
1.878265875E+01  -1.105335951E-01
1.880166202E+01  -1.035934463E-01
1.882066528E+01  -1.170814410E-01
1.883966855E+01  3.326204419E-01
1.885867181E+01  6.237111092E-01
1.887767508E+01  9.129845500E-01
1.889667835E+01  1.332153201E+00
1.891568161E+01  1.903548002E+00
1.893468488E+01  2.419662714E+00
1.895368815E+01  2.797414780E+00
1.897269141E+01  3.391011238E+00
1.899169468E+01  3.806185961E+00
1.901069794E+01  4.311608315E+00
1.902970121E+01  4.624786377E+00
1.904870448E+01  4.825346947E+00
1.906770774E+01  4.796251774E+00
1.908671101E+01  4.793122768E+00
1.910571428E+01  4.699836731E+00
1.912471754E+01  4.560749531E+00
1.914372081E+01  4.072944164E+00
1.916272407E+01  3.667961121E+00
1.918172734E+01  3.245754004E+00
1.920073061E+01  2.845023870E+00
1.921973387E+01  2.452018738E+00
1.923873714E+01  2.268877029E+00
1.925774041E+01  2.145719051E+00
1.927674367E+01  1.673285007E+00
1.929574694E+01  1.206024170E+00
1.931475020E+01  6.954404116E-01
1.933375347E+01  4.775771797E-01
1.935275674E+01  4.352781922E-02
1.937176000E+01  -3.678278923E-01
1.939076327E+01  -3.266614079E-01
1.940976654E+01  -3.688417077E-01
1.942876980E+01  -4.179857671E-01
1.944777307E+01  -7.006666064E-01
1.946677633E+01  -7.412732244E-01
1.948577960E+01  -5.372834802E-01
1.950478287E+01  -3.537558317E-01
1.952378613E+01  -2.550652623E-01
1.954278940E+01  -1.192919314E-01
1.956179267E+01  2.085417658E-01
1.958079593E+01  3.802902699E-01
1.959979920E+01  5.276066661E-01
1.961880246E+01  8.762332797E-01
1.963780573E+01  1.264923811E+00
1.965680900E+01  1.678851724E+00
1.967581226E+01  2.114919662E+00
1.969481553E+01  2.276832104E+00
1.971381880E+01  2.849368572E+00
1.973282206E+01  3.319712877E+00
1.975182533E+01  4.349411964E+00
1.977082860E+01  5.307472706E+00
1.978983186E+01  6.522659779E+00
1.980883513E+01  7.134273052E+00
1.982783839E+01  8.126075745E+00
1.984684166E+01  9.071314812E+00
1.986584493E+01  9.875313759E+00
1.988484819E+01  9.972496986E+00
1.990385146E+01  9.749922752E+00
1.992285473E+01  9.216385841E+00
1.994185799E+01  8.736755371E+00
1.996086126E+01  7.878191471E+00
1.997986452E+01  7.003650665E+00
1.999886779E+01  6.326061726E+00
2.001787106E+01  5.578895569E+00
2.003687432E+01  4.818998814E+00
2.005587759E+01  4.180050850E+00
2.007488086E+01  3.587884426E+00
2.009388412E+01  3.020151615E+00
2.011288739E+01  2.438788176E+00
2.013189065E+01  2.027875900E+00
2.015089392E+01  1.754980087E+00
2.016989719E+01  1.642089367E+00
2.018890045E+01  1.392948270E+00
2.020790372E+01  9.689690471E-01
2.022690699E+01  6.142026782E-01
2.024591025E+01  4.490278363E-01
2.026491352E+01  3.588912785E-01
2.028391678E+01  2.161397785E-01
2.030292005E+01  2.180085778E-01
2.032192332E+01  1.952204853E-01
2.034092658E+01  3.175102174E-01
2.035992985E+01  3.448016346E-01
2.037893312E+01  4.516935945E-01
2.039793638E+01  3.057965934E-01
2.041693965E+01  2.233529836E-01
2.043594291E+01  1.787439436E-01
2.045494618E+01  2.897099257E-01
2.047394945E+01  2.293414623E-01
2.049295271E+01  3.227873519E-02
2.051195598E+01  1.261065900E-02
2.053095925E+01  7.919494808E-02
2.054996251E+01  3.010528088E-01
2.056896578E+01  4.711448550E-01
2.058796904E+01  5.430632830E-01
2.060697231E+01  3.903632462E-01
2.062597558E+01  3.719471097E-01
2.064497884E+01  3.212317228E-01
2.066398211E+01  1.112675890E-01
2.068298538E+01  -6.837190688E-02
2.070198864E+01  -8.047775365E-03
2.072099191E+01  8.532228880E-03
2.073999517E+01  2.812336013E-02
2.075899844E+01  -1.670514494E-01
2.077800171E+01  -1.056487262E-01
2.079700497E+01  -9.188346565E-02
2.081600824E+01  1.311417855E-02
2.083501151E+01  6.782162935E-02
2.085401477E+01  2.144240141E-01
2.087301804E+01  3.140254915E-01
2.089202130E+01  3.560518026E-01
2.091102457E+01  2.562952936E-01
2.093002784E+01  2.118828595E-01
2.094903110E+01  4.013817310E-01
2.096803437E+01  3.226755261E-01
2.098703764E+01  4.261410236E-01
2.100604090E+01  2.807732821E-01
2.102504417E+01  3.075444400E-01
2.104404743E+01  2.964647412E-01
2.106305070E+01  4.143915772E-01
2.108205397E+01  4.770161510E-01
2.110105723E+01  4.890640676E-01
2.112006050E+01  5.523492098E-01
2.113906377E+01  5.500913858E-01
2.115806703E+01  5.559310913E-01
2.117707030E+01  5.260681510E-01
2.119607356E+01  5.850196481E-01
2.121507683E+01  5.286938548E-01
2.123408010E+01  5.541203618E-01
2.125308336E+01  5.553843975E-01
2.127208663E+01  4.694864154E-01
2.129108990E+01  3.423175812E-01
2.131009316E+01  2.786129527E-02
2.132909643E+01  9.124876931E-03
2.134809969E+01  -5.066988990E-02
2.136710296E+01  -3.344275057E-02
2.138610623E+01  -1.504380256E-01
2.140510949E+01  -2.390650101E-02
2.142411276E+01  1.268340945E-01
2.144311603E+01  3.717911839E-01
2.146211929E+01  4.026956558E-01
2.148112256E+01  4.097063541E-01
2.150012582E+01  3.504381776E-01
2.151912909E+01  2.481794655E-01
2.153813236E+01  3.049228191E-01
2.155713562E+01  2.047697753E-01
2.157613889E+01  2.948401272E-01
2.159514216E+01  4.384237528E-01
2.161414542E+01  5.391792059E-01
2.163314869E+01  2.349880487E-01
2.165215195E+01  -1.071703881E-01
2.167115522E+01  -2.645002306E-01
2.169015849E+01  -2.337426506E-02
2.170916175E+01  1.615611017E-01
2.172816502E+01  3.124353588E-01
2.174716829E+01  7.431892306E-02
2.176617155E+01  5.343403295E-02
2.178517482E+01  2.046852261E-01
2.180417808E+01  2.023990154E-01
2.182318135E+01  5.444954708E-02
2.184218462E+01  2.084224112E-02
2.186118788E+01  -1.293647010E-02
2.188019115E+01  1.071806159E-02
2.189919442E+01  -5.570682883E-02
2.191819768E+01  -1.261400897E-02
2.193720095E+01  2.928097919E-02
2.195620421E+01  -8.813741058E-02
2.197520748E+01  -3.534783050E-02
2.199421075E+01  3.872264922E-02
2.201321401E+01  1.126574054E-01
2.203221728E+01  -6.710757315E-02
